	0.054365       2.9618e-22              4.7501e-33            Co
	0.89017 	   3.1046e-15               4.9792e-26           Cr
	0.29049	 	   2.8504e-20               4.5714e-31           Cu
	1.8541 		   3.8786e-07               6.2205e-18           F
	0.59964 	   1.1263e-17               1.8064e-28           Mn
	1.6295 		   5.0319e-09               8.0702e-20           Mo
	1.8541 		   3.8797e-07               6.2222e-18           Nb
	0.50145 	   1.6861e-18               2.7042e-29           Ni
	0.91354 	   4.8789e-15               7.8248e-26           Pd
	0.26501 	   1.7414e-20               2.7928e-31           Rh
	1.4731 		   2.4445e-10               3.9204e-21           Sn
	1.1791 		   8.2984e-13               1.3309e-23           Ti
	1.3913 		   5.0225e-11               8.0551e-22           V
	1.8538 		   3.8537e-07               6.1806e-18           W
	0.1841 		   3.6418e-21               5.8407e-32           Zn
	1.2291 		   2.1806e-12               3.4972e-23           Zr