$P_{O_2}$ $\mu_e$ e h $V_{O}^{\times}$ $V_{O}^{\bullet}$ $V_{O}^{\bullet\bullet}$ $O_{i}^{\times}$ $O_{i}^{'}$ $O_{i}^{''}$ $Sn_{i}^{\times}$ $Sn_{i}^{\bullet}$ $Sn_{i}^{\bullet\bullet}$ $Sn_{i}^{\bullet\bullet\bullet}$ $Sn_{i}^{\bullet\bullet\bullet\bullet}$ $V_{Sn}^{\times}$ $V_{Sn}^{'}$ $V_{Sn}^{''}$ $V_{Sn}^{'''}$ $V_{Sn}^{''''}$ $H_{i}^{'}$ $H_{i}^{\times}$ $H_{i}^{\bullet}$ $H_{O}^{\times}$ $H_{O}^{\bullet}$ $H_{O}^{\bullet\bullet}$ $H_{O}^{\bullet\bullet\bullet}$ $H_{Sn}^{\times}$ $H_{Sn}^{'}$ $H_{Sn}^{''}$ $H_{Sn}^{'''}$ $H_{Sn}^{''''}$ $V_{i}^{\times}$ $V_{i}^{\bullet}$ $V_{i}^{\bullet\bullet}$ $V_{i}^{\bullet\bullet\bullet}$ $V_{i}^{\bullet\bullet\bullet\bullet}$ $V_{i}^{\bullet\bullet\bullet\bullet\bullet}$ $V_{Sn}^{\times}$ $V_{Sn}^{\bullet}$ $V_{Sn}^{'}$ $V_{Sn}^{''}$ $V_{Sn}^{'''}$ $V_{Sn}^{''''}$
1 1.3913 1.022e-09 1.7332e-08 8.1987e-20 6.5931e-21 1.7007e-21 4.731e-16 4.663e-19 3.8608e-21 1.9136e-59 4.3628e-52 1.6046e-44 9.2827e-41 9.1059e-40 5.2584e-32 2.5056e-24 4.2524e-18 1.4596e-13 5.2242e-11 3.5201e-23 1.0356e-16 2.8581e-13 1.2068e-26 4.2861e-23 6.1111e-31 2.8206e-40 4.1711e-35 1.4378e-27 7.8875e-22 3.761e-18 1.0123e-23 7.4192e-48 3.0774e-41 1.0216e-36 9.0038e-35 2.877e-39 7.6324e-46 0.0095153 0.00024233 0.00024235 1.2707e-09 1.1249e-17 1.4769e-28
0.14456 1.3913 1.022e-09 1.7332e-08 2.1564e-19 1.7341e-20 4.4732e-21 1.7987e-16 1.7729e-19 1.4679e-21 1.3238e-58 3.0181e-51 1.11e-43 6.4215e-40 6.2992e-39 7.6014e-33 3.622e-25 6.1471e-19 2.1099e-14 7.5518e-12 3.5201e-23 1.0356e-16 2.8581e-13 3.1741e-26 1.1273e-22 1.6073e-30 7.4187e-40 6.0296e-36 2.0784e-28 1.1402e-22 5.4367e-19 1.4634e-24 5.1324e-47 2.1289e-40 7.0675e-36 6.2286e-34 1.9902e-38 5.2798e-45 0.0095153 0.00024233 0.00024235 1.2707e-09 1.1249e-17 1.4769e-28
0.020896 1.3913 1.022e-09 1.7332e-08 5.6716e-19 4.5609e-20 1.1765e-20 6.8389e-17 6.7406e-20 5.581e-22 9.1577e-58 2.0878e-50 7.6788e-43 4.4422e-39 4.3576e-38 1.0988e-33 5.2359e-26 8.8859e-20 3.05e-15 1.0917e-12 3.5201e-23 1.0356e-16 2.8581e-13 8.3484e-26 2.965e-22 4.2275e-30 1.9512e-39 8.7162e-37 3.0044e-29 1.6482e-23 7.8591e-20 2.1154e-25 3.5505e-46 1.4727e-39 4.8891e-35 4.3088e-33 1.3768e-37 3.6525e-44 0.0095153 0.00024233 0.00024235 1.2707e-09 1.1249e-17 1.4769e-28
0.0030207 1.3913 1.022e-09 1.7332e-08 1.4917e-18 1.1996e-19 3.0944e-20 2.6002e-17 2.5628e-20 2.1219e-22 6.3351e-57 1.4443e-49 5.312e-42 3.073e-38 3.0145e-37 1.5884e-34 7.5688e-27 1.2845e-20 4.409e-16 1.5781e-13 3.5201e-23 1.0356e-16 2.8581e-13 2.1958e-25 7.7985e-22 1.1119e-29 5.1321e-39 1.26e-37 4.3431e-30 2.3826e-24 1.1361e-20 3.0579e-26 2.4561e-45 1.0188e-38 3.3821e-34 2.9807e-32 9.5243e-37 2.5267e-43 0.0095153 0.00024233 0.00024235 1.2707e-09 1.1249e-17 1.4769e-28
0.00043666 1.3913 1.022e-09 1.7332e-08 3.9235e-18 3.1551e-19 8.1388e-20 9.8861e-18 9.744e-21 8.0677e-23 4.3824e-56 9.9912e-49 3.6747e-41 2.1258e-37 2.0853e-36 2.2962e-35 1.0941e-27 1.8569e-21 6.3734e-17 2.2812e-14 3.5201e-23 1.0356e-16 2.8581e-13 5.7752e-25 2.0511e-21 2.9245e-29 1.3498e-38 1.8214e-38 6.2782e-31 3.4442e-25 1.6423e-21 4.4204e-27 1.6991e-44 7.0475e-38 2.3397e-33 2.062e-31 6.5887e-36 1.7479e-42 0.0095153 0.00024233 0.00024235 1.2707e-09 1.1249e-17 1.4769e-28
6.3122e-05 1.3913 1.022e-09 1.7332e-08 1.0319e-17 8.2985e-19 2.1406e-19 3.7587e-18 3.7047e-21 3.0674e-23 3.0316e-55 6.9116e-48 2.542e-40 1.4706e-36 1.4426e-35 3.3192e-36 1.5816e-28 2.6842e-22 9.2132e-18 3.2976e-15 3.5201e-23 1.0356e-16 2.8581e-13 1.519e-24 5.3948e-21 7.6918e-29 3.5502e-38 2.6329e-39 9.0756e-32 4.9788e-26 2.374e-22 6.39e-28 1.1754e-43 4.8753e-37 1.6185e-32 1.4264e-30 4.5579e-35 1.2091e-41 0.0095153 0.00024233 0.00024235 1.2707e-09 1.1249e-17 1.4769e-28
9.1247e-06 1.3913 1.022e-09 1.7332e-08 2.7142e-17 2.1826e-18 5.6302e-19 1.4291e-18 1.4086e-21 1.1662e-23 2.0972e-54 4.7813e-47 1.7585e-39 1.0173e-35 9.9794e-35 4.7982e-37 2.2863e-29 3.8802e-23 1.3318e-18 4.7669e-16 3.5201e-23 1.0356e-16 2.8581e-13 3.9951e-24 1.4189e-20 2.0231e-28 9.3376e-38 3.8061e-40 1.3119e-32 7.1972e-27 3.4318e-23 9.2371e-29 8.1309e-43 3.3726e-36 1.1196e-31 9.8675e-30 3.153e-34 8.3645e-41 0.0095153 0.00024233 0.00024235 1.2707e-09 1.1249e-17 1.4769e-28
1.319e-06 1.3913 1.022e-09 1.7332e-08 7.1387e-17 5.7407e-18 1.4808e-18 5.4335e-19 5.3554e-22 4.4341e-24 1.4508e-53 3.3076e-46 1.2165e-38 7.0375e-35 6.9035e-34 6.9361e-38 3.305e-30 5.609e-24 1.9252e-19 6.8909e-17 3.5201e-23 1.0356e-16 2.8581e-13 1.0508e-23 3.732e-20 5.321e-28 2.4559e-37 5.5019e-41 1.8965e-33 1.0404e-27 4.9609e-24 1.3353e-29 5.6247e-42 2.3331e-35 7.7454e-31 6.826e-29 2.1812e-33 5.7863e-40 0.0095153 0.00024233 0.00024235 1.2707e-09 1.1249e-17 1.4769e-28
1.9067e-07 1.3913 1.022e-09 1.7332e-08 1.8776e-16 1.5099e-17 3.8948e-18 2.0658e-19 2.0361e-22 1.6859e-24 1.0036e-52 2.2881e-45 8.4154e-38 4.8684e-34 4.7756e-33 1.0027e-38 4.7776e-31 8.1082e-25 2.783e-20 9.9612e-18 3.5201e-23 1.0356e-16 2.8581e-13 2.7637e-23 9.8157e-20 1.3995e-27 6.4595e-37 7.9533e-42 2.7415e-34 1.504e-28 7.1712e-25 1.9302e-30 3.891e-41 1.614e-34 5.3581e-30 4.7221e-28 1.5089e-32 4.0028e-39 0.0095153 0.00024233 0.00024235 1.2707e-09 1.1249e-17 1.4769e-28
2.7563e-08 1.3913 1.022e-09 1.7332e-08 4.9383e-16 3.9712e-17 1.0244e-17 7.8544e-20 7.7415e-23 6.4098e-25 6.9427e-52 1.5828e-44 5.8215e-37 3.3678e-33 3.3036e-32 1.4494e-39 6.9063e-32 1.1721e-25 4.0231e-21 1.4399e-18 3.5201e-23 1.0356e-16 2.8581e-13 7.269e-23 2.5817e-19 3.6809e-27 1.699e-36 1.1497e-42 3.963e-35 2.1741e-29 1.0366e-25 2.7903e-31 2.6917e-40 1.1165e-33 3.7066e-29 3.2666e-27 1.0438e-31 2.769e-38 0.0095153 0.00024233 0.00024235 1.2707e-09 1.1249e-17 1.4769e-28
3.9844e-09 1.3913 1.022e-09 1.7332e-08 1.2989e-15 1.0445e-16 2.6943e-17 2.9863e-20 2.9434e-23 2.437e-25 4.8028e-51 1.095e-43 4.0272e-36 2.3297e-32 2.2854e-31 2.0952e-40 9.9835e-33 1.6943e-26 5.8156e-22 2.0815e-19 3.5201e-23 1.0356e-16 2.8581e-13 1.9119e-22 6.7902e-19 9.6814e-27 4.4685e-36 1.662e-43 5.7287e-36 3.1427e-30 1.4985e-26 4.0335e-32 1.8621e-39 7.7236e-33 2.5641e-28 2.2597e-26 7.2207e-31 1.9155e-37 0.0095153 0.00024233 0.00024235 1.2707e-09 1.1249e-17 1.4769e-28
5.7597e-10 1.3913 1.022e-09 1.7332e-08 3.4162e-15 2.7472e-16 7.0865e-17 1.1354e-20 1.1191e-23 9.2657e-26 3.3224e-50 7.5746e-43 2.7859e-35 1.6117e-31 1.581e-30 3.0287e-41 1.4432e-33 2.4493e-27 8.4068e-23 3.009e-20 3.5201e-23 1.0356e-16 2.8581e-13 5.0285e-22 1.7859e-18 2.5464e-26 1.1753e-35 2.4025e-44 8.2812e-37 4.543e-31 2.1662e-27 5.8307e-33 1.2881e-38 5.3429e-32 1.7738e-27 1.5632e-25 4.9951e-30 1.3251e-36 0.0095153 0.00024233 0.00024235 1.2707e-09 1.1249e-17 1.4769e-28
8.3261e-11 1.3913 1.022e-09 1.7332e-08 8.9852e-15 7.2256e-16 1.8639e-16 4.3169e-21 4.2548e-24 3.5229e-26 2.2984e-49 5.2399e-42 1.9272e-34 1.1149e-30 1.0937e-29 4.3782e-42 2.0862e-34 3.5405e-28 1.2153e-23 4.3497e-21 3.5201e-23 1.0356e-16 2.8581e-13 1.3226e-21 4.6973e-18 6.6973e-26 3.0912e-35 3.4729e-45 1.1971e-37 6.5672e-32 3.1314e-28 8.4286e-34 8.9108e-38 3.6961e-31 1.227e-26 1.0814e-24 3.4554e-29 9.1668e-36 0.0095153 0.00024233 0.00024235 1.2707e-09 1.1249e-17 1.4769e-28
1.2036e-11 1.3913 1.022e-09 1.7332e-08 2.3632e-14 1.9004e-15 4.9023e-16 1.6413e-21 1.6177e-24 1.3394e-26 1.59e-48 3.6248e-41 1.3332e-33 7.7126e-30 7.5657e-29 6.329e-43 3.0157e-35 5.1181e-29 1.7567e-24 6.2877e-22 3.5201e-23 1.0356e-16 2.8581e-13 3.4786e-21 1.2355e-17 1.7615e-25 8.1303e-35 5.0203e-46 1.7305e-38 9.4933e-33 4.5267e-29 1.2184e-34 6.1643e-37 2.5569e-30 8.4884e-26 7.4808e-24 2.3904e-28 6.3413e-35 0.0095153 0.00024233 0.00024235 1.2707e-09 1.1249e-17 1.4769e-28
1.7399e-12 1.3913 1.022e-09 1.7332e-08 6.2157e-14 4.9984e-15 1.2894e-15 6.2403e-22 6.1506e-25 5.0925e-27 1.0999e-47 2.5076e-40 9.2226e-33 5.3353e-29 5.2337e-28 9.1489e-44 4.3594e-36 7.3985e-30 2.5395e-25 9.0893e-23 3.5201e-23 1.0356e-16 2.8581e-13 9.1493e-21 3.2494e-17 4.633e-25 2.1384e-34 7.2572e-47 2.5015e-39 1.3723e-33 6.5436e-30 1.7613e-35 4.2643e-36 1.7688e-29 5.872e-25 5.175e-23 1.6536e-27 4.3868e-34 0.0095153 0.00024233 0.00024235 1.2707e-09 1.1249e-17 1.4769e-28
2.5151e-13 1.3913 1.022e-09 1.7332e-08 1.6348e-13 1.3147e-14 3.3913e-15 2.3726e-22 2.3385e-25 1.9362e-27 7.6087e-47 1.7347e-39 6.3799e-32 3.6908e-28 3.6205e-27 1.3225e-44 6.3018e-37 1.0695e-30 3.6709e-26 1.3139e-23 3.5201e-23 1.0356e-16 2.8581e-13 2.4064e-20 8.5466e-17 1.2186e-24 5.6243e-34 1.0491e-47 3.6161e-40 1.9838e-34 9.4591e-31 2.546e-36 2.9499e-35 1.2236e-28 4.0621e-24 3.5799e-22 1.1439e-26 3.0346e-33 0.0095153 0.00024233 0.00024235 1.2707e-09 1.1249e-17 1.4769e-28
3.6357e-14 1.3913 1.022e-09 1.7332e-08 4.2998e-13 3.4578e-14 8.9195e-15 9.0208e-23 8.8911e-26 7.3616e-28 5.2635e-46 1.2e-38 4.4135e-31 2.5532e-27 2.5046e-26 1.9118e-45 9.1097e-38 1.546e-31 5.3066e-27 1.8993e-24 3.5201e-23 1.0356e-16 2.8581e-13 6.3292e-20 2.2479e-16 3.205e-24 1.4793e-33 1.5165e-48 5.2273e-41 2.8677e-35 1.3674e-31 3.6805e-37 2.0407e-34 8.4644e-28 2.8101e-23 2.4765e-21 7.9133e-26 2.0993e-32 0.0095153 0.00024233 0.00024235 1.2707e-09 1.1249e-17 1.4769e-28
5.2556e-15 1.3913 1.022e-09 1.7332e-08 1.1309e-12 9.0945e-14 2.346e-14 3.4297e-23 3.3804e-26 2.7989e-28 3.6411e-45 8.3012e-38 3.0531e-30 1.7663e-26 1.7326e-25 2.7636e-46 1.3169e-38 2.2349e-32 7.671e-28 2.7456e-25 3.5201e-23 1.0356e-16 2.8581e-13 1.6647e-19 5.9123e-16 8.4297e-24 3.8908e-33 2.1922e-49 7.5564e-42 4.1454e-36 1.9766e-32 5.3203e-38 1.4117e-33 5.8555e-27 1.9439e-22 1.7132e-20 5.4742e-25 1.4522e-31 0.0095153 0.00024233 0.00024235 1.2707e-09 1.1249e-17 1.4769e-28
7.5973e-16 1.3913 1.022e-09 1.7332e-08 2.9745e-12 2.392e-13 6.1703e-14 1.304e-23 1.2853e-26 1.0642e-28 2.5188e-44 5.7425e-37 2.1121e-29 1.2218e-25 1.1986e-24 3.995e-47 1.9036e-39 3.2307e-33 1.1089e-28 3.969e-26 3.5201e-23 1.0356e-16 2.8581e-13 4.3784e-19 1.555e-15 2.2171e-23 1.0233e-32 3.169e-50 1.0923e-42 5.9924e-37 2.8573e-33 7.6909e-39 9.7656e-33 4.0506e-26 1.3447e-21 1.1851e-19 3.7869e-24 1.0046e-30 0.0095153 0.00024233 0.00024235 1.2707e-09 1.1249e-17 1.4769e-28
1.0982e-16 1.3913 1.022e-09 1.7332e-08 7.8234e-12 6.2913e-13 1.6229e-13 4.9579e-24 4.8866e-27 4.046e-29 1.7425e-43 3.9725e-36 1.4611e-28 8.4524e-25 8.2914e-24 5.775e-48 2.7518e-40 4.6701e-34 1.603e-29 5.7374e-27 3.5201e-23 1.0356e-16 2.8581e-13 1.1516e-18 4.0899e-15 5.8314e-23 2.6915e-32 4.5809e-51 1.579e-43 8.6624e-38 4.1305e-34 1.1118e-39 6.7556e-32 2.8021e-25 9.3026e-21 8.1984e-19 2.6197e-23 6.9496e-30 0.0095153 0.00024233 0.00024235 1.2707e-09 1.1249e-17 1.4769e-28
1.5876e-17 1.3913 1.022e-09 1.7332e-08 2.0577e-11 1.6547e-12 4.2684e-13 1.885e-24 1.8579e-27 1.5383e-29 1.2054e-42 2.7481e-35 1.0107e-27 5.8471e-24 5.7358e-23 8.3481e-49 3.9779e-41 6.7509e-35 2.3172e-30 8.2937e-28 3.5201e-23 1.0356e-16 2.8581e-13 3.0288e-18 1.0757e-14 1.5338e-22 7.0791e-32 6.622e-52 2.2826e-44 1.2522e-38 5.9708e-35 1.6071e-40 4.6733e-31 1.9384e-24 6.4353e-20 5.6714e-18 1.8122e-22 4.8076e-29 0.0095153 0.00024233 0.00024235 1.2707e-09 1.1249e-17 1.4769e-28
2.2949e-18 1.3913 1.022e-09 1.7332e-08 5.412e-11 4.3522e-12 1.1227e-12 7.167e-25 7.064e-28 5.8487e-30 8.3385e-42 1.9011e-34 6.9919e-27 4.0449e-23 3.9678e-22 1.2068e-49 5.7502e-42 9.7589e-36 3.3496e-31 1.1989e-28 3.5201e-23 1.0356e-16 2.8581e-13 7.9663e-18 2.8293e-14 4.034e-22 1.8619e-31 9.5725e-53 3.2996e-45 1.8101e-39 8.6312e-36 2.3232e-41 3.2329e-30 1.341e-23 4.4518e-19 3.9233e-17 1.2536e-21 3.3257e-28 0.0095153 0.00024233 0.00024235 1.2707e-09 1.1249e-17 1.4769e-28
3.3175e-19 1.3913 1.022e-09 1.7332e-08 1.4234e-10 1.1447e-11 2.9528e-12 2.7249e-25 2.6858e-28 2.2237e-30 5.7684e-41 1.3151e-33 4.8368e-26 2.7981e-22 2.7448e-21 1.7445e-50 8.3123e-43 1.4107e-36 4.8421e-32 1.7331e-29 3.5201e-23 1.0356e-16 2.8581e-13 2.0953e-17 7.4415e-14 1.061e-21 4.8971e-31 1.3838e-53 4.7698e-46 2.6167e-40 1.2477e-36 3.3583e-42 2.2364e-29 9.2764e-23 3.0796e-18 2.7141e-16 8.6723e-21 2.3007e-27 0.0095153 0.00024233 0.00024235 1.2707e-09 1.1249e-17 1.4769e-28
4.7956e-20 1.3913 1.022e-09 1.7332e-08 3.7439e-10 3.0107e-11 7.7663e-12 1.036e-25 1.0211e-28 8.4547e-31 3.9904e-40 9.0975e-33 3.346e-25 1.9357e-21 1.8988e-20 2.5217e-51 1.2016e-43 2.0393e-37 6.9996e-33 2.5053e-30 3.5201e-23 1.0356e-16 2.8581e-13 5.5109e-17 1.9572e-13 2.7906e-21 1.288e-30 2.0003e-54 6.895e-47 3.7826e-41 1.8036e-37 4.8547e-43 1.5471e-28 6.4171e-22 2.1304e-17 1.8775e-15 5.9993e-20 1.5915e-26 0.0095153 0.00024233 0.00024235 1.2707e-09 1.1249e-17 1.4769e-28
6.9323e-21 1.3913 1.022e-09 1.7332e-08 9.847e-10 7.9186e-11 2.0427e-11 3.939e-26 3.8824e-29 3.2145e-31 2.7605e-39 6.2934e-32 2.3147e-24 1.339e-20 1.3135e-19 3.6453e-52 1.737e-44 2.9479e-38 1.0118e-33 3.6216e-31 3.5201e-23 1.0356e-16 2.8581e-13 1.4494e-16 5.1479e-13 7.3398e-21 3.3877e-30 2.8916e-55 9.9671e-48 5.4679e-42 2.6072e-38 7.0177e-44 1.0702e-27 4.4392e-21 1.4737e-16 1.2988e-14 4.1501e-19 1.101e-25 0.0095153 0.00024233 0.00024235 1.2707e-09 1.1249e-17 1.4769e-28
1.0021e-21 1.3913 1.022e-09 1.7332e-08 2.5899e-09 2.0827e-10 5.3725e-11 1.4976e-26 1.4761e-29 1.2222e-31 1.9096e-38 4.3536e-31 1.6012e-23 9.2631e-20 9.0867e-19 5.2695e-53 2.5109e-45 4.2614e-39 1.4627e-34 5.2352e-32 3.5201e-23 1.0356e-16 2.8581e-13 3.8123e-16 1.354e-12 1.9305e-20 8.9102e-30 4.18e-56 1.4408e-48 7.9042e-43 3.7689e-39 1.0145e-44 7.4036e-27 3.0709e-20 1.0195e-15 8.9848e-14 2.8709e-18 7.6162e-25 0.0095153 0.00024233 0.00024235 1.2707e-09 1.1249e-17 1.4769e-28
1.4486e-22 1.3913 1.022e-09 1.7332e-08 6.8119e-09 5.4779e-10 1.413e-10 5.6941e-27 5.6123e-30 4.6468e-32 1.321e-37 3.0117e-30 1.1077e-22 6.408e-19 6.2859e-18 7.6175e-54 3.6297e-46 6.1601e-40 2.1144e-35 7.5679e-33 3.5201e-23 1.0356e-16 2.8581e-13 1.0027e-15 3.5611e-12 5.0774e-20 2.3435e-29 6.0424e-57 2.0828e-49 1.1426e-43 5.4483e-40 1.4665e-45 5.1216e-26 2.1244e-19 7.0525e-15 6.2154e-13 1.986e-17 5.2687e-24 0.0095153 0.00024233 0.00024235 1.2707e-09 1.1249e-17 1.4769e-28
2.0941e-23 1.3913 1.022e-09 1.7332e-08 1.7916e-08 1.4408e-09 3.7165e-10 2.1649e-27 2.1338e-30 1.7668e-32 9.1384e-37 2.0834e-29 7.6625e-22 4.4328e-18 4.3484e-17 1.1012e-54 5.247e-47 8.9048e-41 3.0565e-36 1.094e-33 3.5201e-23 1.0356e-16 2.8581e-13 2.6372e-15 9.3663e-12 1.3354e-19 6.1638e-29 8.7347e-58 3.0108e-50 1.6517e-44 7.8759e-41 2.1199e-46 3.543e-25 1.4696e-18 4.8787e-14 4.2996e-12 1.3739e-16 3.6447e-23 0.0095153 0.00024233 0.00024235 1.2707e-09 1.1249e-17 1.4769e-28
3.0271e-24 1.3913 1.022e-09 1.7332e-08 4.7123e-08 3.7894e-09 9.7749e-10 8.2312e-28 8.113e-31 6.7174e-33 6.3217e-36 1.4412e-28 5.3007e-21 3.0664e-17 3.008e-16 1.5918e-55 7.5849e-48 1.2873e-41 4.4184e-37 1.5815e-34 3.5202e-23 1.0356e-16 2.8581e-13 6.9363e-15 2.4635e-11 3.5124e-19 1.6211e-28 1.2626e-58 4.3523e-51 2.3877e-45 1.1385e-41 3.0645e-47 2.4509e-24 1.0166e-17 3.3749e-13 2.9743e-11 9.5038e-16 2.5212e-22 0.0095153 0.00024233 0.00024235 1.2708e-09 1.1249e-17 1.477e-28
4.3759e-25 1.3913 1.022e-09 1.7332e-08 1.2394e-07 9.9666e-09 2.5708e-09 3.1295e-28 3.0847e-31 2.5541e-33 4.3732e-35 9.9698e-28 3.6667e-20 2.1211e-16 2.0807e-15 2.301e-56 1.0965e-48 1.8609e-42 6.3875e-38 2.2863e-35 3.5202e-23 1.0356e-16 2.858e-13 1.8244e-14 6.4792e-11 9.2377e-19 4.2636e-28 1.8252e-59 6.2917e-52 3.4517e-46 1.6459e-42 4.4303e-48 1.6955e-23 7.0324e-17 2.3346e-12 2.0574e-10 6.5739e-15 1.7439e-21 0.0095153 0.00024233 0.00024236 1.2708e-09 1.125e-17 1.4771e-28
6.3256e-26 1.3913 1.0221e-09 1.7331e-08 3.2598e-07 2.6212e-08 6.7609e-09 1.1899e-28 1.1729e-31 9.712e-34 3.0252e-34 6.8964e-27 2.5362e-19 1.4671e-15 1.439e-14 3.3263e-57 1.5851e-49 2.6904e-43 9.2352e-39 3.3058e-36 3.5204e-23 1.0356e-16 2.8578e-13 4.7984e-14 1.704e-10 2.4294e-18 1.1212e-27 2.6385e-60 9.0956e-53 4.9902e-47 2.3797e-43 6.4058e-49 1.1729e-22 4.8646e-16 1.6148e-11 1.423e-09 4.5466e-14 1.206e-20 0.0095153 0.00024231 0.00024237 1.271e-09 1.1252e-17 1.4775e-28
9.144e-27 1.3913 1.0223e-09 1.7328e-08 8.5739e-07 6.8929e-08 1.7776e-08 4.524e-29 4.4602e-32 3.6939e-34 2.0928e-33 4.7699e-26 1.7538e-18 1.0143e-14 9.9473e-14 4.8083e-58 2.2918e-50 3.8905e-44 1.3358e-39 4.7823e-37 3.5211e-23 1.0356e-16 2.8573e-13 1.262e-13 4.481e-10 6.3872e-18 2.9472e-27 3.8141e-61 1.3151e-53 7.2164e-48 3.4419e-44 9.2669e-50 8.1138e-22 3.3645e-15 1.1167e-10 9.8384e-09 3.1429e-13 8.3352e-20 0.0095153 0.00024227 0.00024241 1.2714e-09 1.1258e-17 1.4786e-28
1.3218e-27 1.3914 1.023e-09 1.7315e-08 2.2551e-06 1.8116e-07 4.6686e-08 1.72e-29 1.697e-32 1.4065e-34 1.4477e-32 3.2973e-25 1.2115e-17 7.0018e-14 6.8616e-13 6.9507e-59 3.3153e-51 5.632e-45 1.9351e-40 6.9329e-38 3.5236e-23 1.0356e-16 2.8553e-13 3.3194e-13 1.1777e-09 1.6775e-17 7.7351e-27 5.5135e-62 1.9024e-54 1.0447e-48 4.9862e-45 1.3434e-50 5.6129e-21 2.3258e-14 7.7137e-10 6.7914e-08 2.1679e-12 5.7455e-19 0.0095153 0.00024209 0.00024259 1.2733e-09 1.1282e-17 1.4828e-28
1.9108e-28 1.3917 1.0265e-09 1.7256e-08 5.9312e-06 4.7488e-07 1.2196e-07 6.5397e-30 6.474e-33 5.3839e-35 1.0015e-31 2.2732e-24 8.3242e-17 4.7945e-13 4.6826e-12 1.0048e-59 4.8088e-52 8.197e-46 2.8259e-41 1.0159e-38 3.5356e-23 1.0356e-16 2.8456e-13 8.7305e-13 3.0871e-09 4.3823e-17 2.0138e-26 7.9701e-63 2.7594e-55 1.5204e-49 7.2817e-46 1.9686e-51 3.8828e-20 1.6035e-13 5.3e-09 4.6505e-07 1.4795e-11 3.9076e-18 0.0095153 0.00024127 0.00024341 1.2819e-09 1.1398e-17 1.5031e-28
2.7621e-29 0 1.467e-15 0.0095844 0 0 0 0 0 0 0 0 0 0 0 0 0 0 0 0 0 0 0 0 0 0 0 0 0 0 0 0 0 0 0 0 0 0 0 0 0 0 0 0
3.9929e-30 0 1.467e-15 0.0095844 0 0 0 0 0 0 0 0 0 0 0 0 0 0 0 0 0 0 0 0 0 0 0 0 0 0 0 0 0 0 0 0 0 0 0 0 0 0 0 0
5.7719e-31 0 1.467e-15 0.0095844 0 0 0 0 0 0 0 0 0 0 0 0 0 0 0 0 0 0 0 0 0 0 0 0 0 0 0 0 0 0 0 0 0 0 0 0 0 0 0 0
