$P_{O_2}$ $\mu_e$ e h $V_{O}^{\times}$ $V_{O}^{\bullet}$ $V_{O}^{\bullet\bullet}$ $O_{i}^{\times}$ $O_{i}^{'}$ $O_{i}^{''}$ $Sn_{i}^{\times}$ $Sn_{i}^{\bullet}$ $Sn_{i}^{\bullet\bullet}$ $Sn_{i}^{\bullet\bullet\bullet}$ $Sn_{i}^{\bullet\bullet\bullet\bullet}$ $V_{Sn}^{\times}$ $V_{Sn}^{'}$ $V_{Sn}^{''}$ $V_{Sn}^{'''}$ $V_{Sn}^{''''}$ $H_{i}^{'}$ $H_{i}^{\times}$ $H_{i}^{\bullet}$ $H_{O}^{\times}$ $H_{O}^{\bullet}$ $H_{O}^{\bullet\bullet}$ $H_{O}^{\bullet\bullet\bullet}$ $H_{Sn}^{\times}$ $H_{Sn}^{'}$ $H_{Sn}^{''}$ $H_{Sn}^{'''}$ $H_{Sn}^{''''}$ $Mn_{i}^{\times}$ $Mn_{i}^{\bullet}$ $Mn_{i}^{\bullet\bullet}$ $Mn_{i}^{\bullet\bullet\bullet}$ $Mn_{i}^{\bullet\bullet\bullet\bullet}$ $Mn_{i}^{\bullet\bullet\bullet\bullet\bullet}$ $Mn_{i}^{\bullet\bullet\bullet\bullet\bullet\bullet}$ $Mn_{i}^{\bullet\bullet\bullet\bullet\bullet\bullet\bullet}$ $Mn_{Sn}^{\times}$ $Mn_{Sn}^{\bullet}$ $Mn_{Sn}^{\bullet\bullet}$ $Mn_{Sn}^{\bullet\bullet\bullet}$ $Mn_{Sn}^{'}$ $Mn_{Sn}^{''}$ $Mn_{Sn}^{'''}$ $Mn_{Sn}^{''''}$
1 0.60791 1.8079e-23 2.9104e-08 3.3609e-39 8.2591e-35 2.0883e-29 1.1191e-31 2.861e-44 5.1613e-55 1.831e-118 3.6164e-97 1.8589e-75 2.3641e-61 8.6445e-53 2.7651e-63 1.6522e-54 1.2523e-48 3.8825e-46 1.3089e-47 1.6304e-52 5.3623e-33 1.552e-19 7.2821e-53 3.4905e-39 2.6963e-48 2.1827e-60 1.7398e-69 5.44e-61 4.3085e-56 2.5779e-55 4.9149e-73 1.6505e-69 8.5061e-53 8.9717e-41 3.6288e-36 2.9795e-45 7.097e-58 9.5129e-72 1.168e-88 9.9818e-05 7.64e-08 1.9264e-17 1.164e-30 1.055e-07 5.5937e-24 1.2976e-45 7.4705e-72
0.020896 0.60791 1.8079e-23 2.9104e-08 2.325e-38 5.7134e-34 1.4447e-28 1.6177e-32 4.1357e-45 7.461e-56 8.7623e-117 1.7306e-95 8.8959e-74 1.1313e-59 4.1368e-51 5.7781e-65 3.4524e-56 2.6168e-50 8.1131e-48 2.7352e-49 1.6304e-52 5.3623e-33 1.552e-19 5.0375e-52 2.4146e-38 1.8653e-47 1.51e-59 3.6357e-71 1.1368e-62 9.0032e-58 5.3868e-57 1.027e-74 7.8985e-68 4.0706e-51 4.2934e-39 1.7366e-34 1.4258e-43 3.3963e-56 4.5524e-70 5.5894e-87 9.9818e-05 7.64e-08 1.9264e-17 1.164e-30 1.055e-07 5.5937e-24 1.2976e-45 7.4705e-72
0.00043666 0.60791 1.8079e-23 2.9104e-08 1.6084e-37 3.9524e-33 9.9937e-28 2.3385e-33 5.9784e-46 1.0785e-56 4.1932e-115 8.2819e-94 4.2571e-72 5.414e-58 1.9797e-49 1.2074e-66 7.2144e-58 5.4682e-52 1.6953e-49 5.7155e-51 1.6304e-52 5.3623e-33 1.552e-19 3.4848e-51 1.6704e-37 1.2903e-46 1.0446e-58 7.5973e-73 2.3755e-64 1.8814e-59 1.1257e-58 2.1461e-76 3.7798e-66 1.948e-49 2.0546e-37 8.3104e-33 6.8233e-42 1.6253e-54 2.1785e-68 2.6748e-85 9.9818e-05 7.64e-08 1.9264e-17 1.164e-30 1.055e-07 5.5937e-24 1.2976e-45 7.4705e-72
9.1247e-06 0.60791 1.8079e-23 2.9104e-08 1.1126e-36 2.7342e-32 6.9134e-27 3.3805e-34 8.6422e-47 1.5591e-57 2.0066e-113 3.9633e-92 2.0373e-70 2.5909e-56 9.4737e-48 2.5231e-68 1.5076e-59 1.1427e-53 3.5427e-51 1.1943e-52 1.6304e-52 5.3623e-33 1.552e-19 2.4107e-50 1.1555e-36 8.9262e-46 7.2259e-58 1.5876e-74 4.9639e-66 3.9314e-61 2.3522e-60 4.4847e-78 1.8088e-64 9.322e-48 9.8323e-36 3.9769e-31 3.2653e-40 7.7778e-53 1.0425e-66 1.28e-83 9.9818e-05 7.64e-08 1.9264e-17 1.164e-30 1.055e-07 5.5937e-24 1.2976e-45 7.4705e-72
1.9067e-07 0.60791 1.8079e-23 2.9104e-08 7.6969e-36 1.8914e-31 4.7825e-26 4.8867e-35 1.2493e-47 2.2538e-58 9.6028e-112 1.8966e-90 9.7493e-69 1.2399e-54 4.5336e-46 5.2724e-70 3.1503e-61 2.3878e-55 7.4029e-53 2.4958e-54 1.6304e-52 5.3623e-33 1.552e-19 1.6677e-49 7.9935e-36 6.1749e-45 4.9987e-57 3.3174e-76 1.0373e-67 8.2152e-63 4.9154e-62 9.3714e-80 8.6561e-63 4.461e-46 4.7052e-34 1.9032e-29 1.5626e-38 3.722e-51 4.9891e-65 6.1255e-82 9.9818e-05 7.64e-08 1.9264e-17 1.164e-30 1.055e-07 5.5937e-24 1.2976e-45 7.4705e-72
3.9844e-09 0.60791 1.8079e-23 2.9104e-08 5.3245e-35 1.3084e-30 3.3084e-25 7.064e-36 1.8059e-48 3.258e-59 4.5954e-110 9.0764e-89 4.6655e-67 5.9333e-53 2.1696e-44 1.1017e-71 6.5829e-63 4.9896e-57 1.547e-54 5.2153e-56 1.6304e-52 5.3623e-33 1.552e-19 1.1536e-48 5.5297e-35 4.2716e-44 3.458e-56 6.9323e-78 2.1675e-69 1.7167e-64 1.0271e-63 1.9583e-81 4.1424e-61 2.1348e-44 2.2517e-32 9.1075e-28 7.4778e-37 1.7812e-49 2.3875e-63 2.9314e-80 9.9818e-05 7.64e-08 1.9264e-17 1.164e-30 1.055e-07 5.5937e-24 1.2976e-45 7.4705e-72
8.3261e-11 0.60791 1.8079e-23 2.9104e-08 3.6833e-34 9.0513e-30 2.2887e-24 1.0212e-36 2.6106e-49 4.7096e-60 2.1991e-108 4.3435e-87 2.2327e-65 2.8394e-51 1.0382e-42 2.3023e-73 1.3756e-64 1.0427e-58 3.2326e-56 1.0898e-57 1.6304e-52 5.3623e-33 1.552e-19 7.9806e-48 3.8253e-34 2.955e-43 2.3921e-55 1.4486e-79 4.5294e-71 3.5873e-66 2.1464e-65 4.0921e-83 1.9823e-59 1.0216e-42 1.0775e-30 4.3584e-26 3.5785e-35 8.5238e-48 1.1425e-61 1.4028e-78 9.9818e-05 7.64e-08 1.9264e-17 1.164e-30 1.055e-07 5.5937e-24 1.2976e-45 7.4705e-72
1.7399e-12 0.60791 1.8079e-23 2.9104e-08 2.548e-33 6.2615e-29 1.5832e-23 1.4761e-37 3.7737e-50 6.808e-61 1.0524e-106 2.0786e-85 1.0684e-63 1.3588e-49 4.9685e-41 4.8109e-75 2.8745e-66 2.1788e-60 6.755e-58 2.2773e-59 1.6304e-52 5.3623e-33 1.552e-19 5.5207e-47 2.6462e-33 2.0442e-42 1.6548e-54 3.0271e-81 9.4648e-73 7.4961e-68 4.4851e-67 8.5511e-85 9.4865e-58 4.8889e-41 5.1566e-29 2.0857e-24 1.7125e-33 4.0791e-46 5.4676e-60 6.7131e-77 9.9818e-05 7.64e-08 1.9264e-17 1.164e-30 1.055e-07 5.5937e-24 1.2976e-45 7.4705e-72
3.6357e-14 0.60791 1.8079e-23 2.9104e-08 1.7627e-32 4.3315e-28 1.0952e-22 2.1338e-38 5.4552e-51 9.8414e-62 5.0362e-105 9.947e-84 5.113e-62 6.5024e-48 2.3777e-39 1.0053e-76 6.0067e-68 4.5529e-62 1.4116e-59 4.7588e-61 1.6304e-52 5.3623e-33 1.552e-19 3.8191e-46 1.8306e-32 1.4141e-41 1.1447e-53 6.3255e-83 1.9778e-74 1.5664e-69 9.3723e-69 1.7869e-86 4.5397e-56 2.3396e-39 2.4677e-27 9.9812e-23 8.1951e-32 1.952e-44 2.6165e-58 3.2125e-75 9.9818e-05 7.64e-08 1.9264e-17 1.164e-30 1.055e-07 5.5937e-24 1.2976e-45 7.4705e-72
7.5973e-16 0.60791 1.8079e-23 2.9104e-08 1.2194e-31 2.9964e-27 7.5765e-22 3.0846e-39 7.8858e-52 1.4226e-62 2.4101e-103 4.7601e-82 2.4468e-60 3.1117e-46 1.1378e-37 2.1007e-78 1.2552e-69 9.5139e-64 2.9497e-61 9.9442e-63 1.6304e-52 5.3623e-33 1.552e-19 2.6419e-45 1.2663e-31 9.7824e-41 7.9191e-53 1.3218e-84 4.133e-76 3.2733e-71 1.9585e-70 3.734e-88 2.1725e-54 1.1196e-37 1.1809e-25 4.7765e-21 3.9217e-30 9.3415e-43 1.2521e-56 1.5374e-73 9.9818e-05 7.64e-08 1.9264e-17 1.164e-30 1.055e-07 5.5937e-24 1.2976e-45 7.4705e-72
1.5876e-17 0.60791 1.8079e-23 2.9104e-08 8.4352e-31 2.0728e-26 5.2412e-21 4.459e-40 1.1399e-52 2.0565e-63 1.1533e-101 2.278e-80 1.1709e-58 1.4891e-44 5.4451e-36 4.3898e-80 2.6229e-71 1.9881e-65 6.1637e-63 2.078e-64 1.6304e-52 5.3623e-33 1.552e-19 1.8276e-44 8.7602e-31 6.7672e-40 5.4782e-52 2.7621e-86 8.6364e-78 6.84e-73 4.0926e-72 7.8027e-90 1.0396e-52 5.3579e-36 5.6512e-24 2.2858e-19 1.8767e-28 4.4704e-41 5.9921e-55 7.357e-72 9.9818e-05 7.64e-08 1.9264e-17 1.164e-30 1.055e-07 5.5937e-24 1.2976e-45 7.4705e-72
3.3175e-19 0.60791 1.8079e-23 2.9104e-08 5.8352e-30 1.4339e-25 3.6257e-20 6.4457e-41 1.6479e-53 2.9728e-64 5.5193e-100 1.0901e-78 5.6035e-57 7.1262e-43 2.6058e-34 9.1732e-82 5.481e-73 4.1544e-67 1.288e-64 4.3423e-66 1.6304e-52 5.3623e-33 1.552e-19 1.2643e-43 6.0601e-30 4.6814e-39 3.7897e-51 5.7719e-88 1.8047e-79 1.4293e-74 8.552e-74 1.6305e-91 4.9752e-51 2.564e-34 2.7044e-22 1.0939e-17 8.9812e-27 2.1393e-39 2.8675e-53 3.5207e-70 9.9818e-05 7.64e-08 1.9264e-17 1.164e-30 1.055e-07 5.5937e-24 1.2976e-45 7.4705e-72
6.9323e-21 0.60791 1.8079e-23 2.9104e-08 4.0367e-29 9.9196e-25 2.5082e-19 9.3177e-42 2.3821e-54 4.2974e-65 2.6413e-98 5.2167e-77 2.6815e-55 3.4102e-41 1.247e-32 1.9169e-83 1.1453e-74 8.6812e-69 2.6915e-66 9.0739e-68 1.6304e-52 5.3623e-33 1.552e-19 8.7461e-43 4.1922e-29 3.2384e-38 2.6216e-50 1.2061e-89 3.7712e-81 2.9868e-76 1.7871e-75 3.4072e-93 2.3809e-49 1.227e-32 1.2942e-20 5.2346e-16 4.2979e-25 1.0238e-37 1.3722e-51 1.6848e-68 9.9818e-05 7.64e-08 1.9264e-17 1.164e-30 1.055e-07 5.5937e-24 1.2976e-45 7.4705e-72
1.4486e-22 0.60791 1.8079e-23 2.9104e-08 2.7924e-28 6.8621e-24 1.7351e-18 1.3469e-42 3.4434e-55 6.2121e-66 1.264e-96 2.4965e-75 1.2832e-53 1.632e-39 5.9674e-31 4.0056e-85 2.3933e-76 1.8141e-70 5.6243e-68 1.8961e-69 1.6304e-52 5.3623e-33 1.552e-19 6.0503e-42 2.9001e-28 2.2403e-37 1.8135e-49 2.5204e-91 7.8805e-83 6.2413e-78 3.7344e-77 7.1198e-95 1.1394e-47 5.8718e-31 6.1933e-19 2.505e-14 2.0568e-23 4.8992e-36 6.5669e-50 8.0627e-67 9.9818e-05 7.64e-08 1.9264e-17 1.164e-30 1.055e-07 5.5937e-24 1.2976e-45 7.4705e-72
3.0271e-24 0.60791 1.8079e-23 2.9103e-08 1.9317e-27 4.7469e-23 1.2003e-17 1.9471e-43 4.9778e-56 8.9803e-67 6.0487e-95 1.1947e-73 6.1408e-52 7.8093e-38 2.8555e-29 8.3703e-87 5.0013e-78 3.7909e-72 1.1753e-69 3.9625e-71 1.6305e-52 5.3623e-33 1.552e-19 4.1854e-41 2.0061e-27 1.5497e-36 1.2545e-48 5.2667e-93 1.6468e-84 1.3043e-79 7.8039e-79 1.4879e-96 5.4524e-46 2.8099e-29 2.9637e-17 1.1987e-12 9.842e-22 2.3443e-34 3.1422e-48 3.8579e-65 9.9818e-05 7.6398e-08 1.9263e-17 1.164e-30 1.0551e-07 5.5939e-24 1.2977e-45 7.471e-72
6.3256e-26 0.60796 1.8094e-23 2.908e-08 1.3363e-26 3.2812e-22 8.2898e-17 2.8146e-44 7.2014e-57 1.3002e-67 2.8946e-93 5.7125e-72 2.934e-50 3.7282e-36 1.3622e-27 1.7491e-88 1.0459e-79 7.9343e-74 2.4619e-71 8.3066e-73 1.6318e-52 5.3623e-33 1.5508e-19 2.8954e-40 1.3867e-26 1.0703e-35 8.6575e-48 1.1006e-94 3.4439e-86 2.7298e-81 1.6346e-80 3.1191e-98 2.6093e-44 1.3436e-27 1.416e-15 5.7228e-11 4.6949e-20 1.1174e-32 1.4965e-46 1.8359e-63 9.9818e-05 7.6338e-08 1.9233e-17 1.1612e-30 1.0559e-07 5.6028e-24 1.3008e-45 7.4948e-72
1.3218e-27 0.60973 1.8725e-23 2.8099e-08 9.2443e-26 2.1933e-21 5.3543e-16 4.0687e-45 1.0773e-57 2.0131e-68 1.3852e-91 2.6415e-70 1.3109e-48 1.6096e-34 5.6827e-26 3.655e-90 2.2619e-81 1.7757e-75 5.7023e-73 1.9911e-74 1.6887e-52 5.3623e-33 1.4985e-19 2.0029e-39 9.2692e-26 6.9132e-35 5.4033e-47 2.2998e-96 7.4478e-88 6.1095e-83 3.7861e-82 7.4765e-100 1.2486e-42 6.2129e-26 6.3269e-14 2.4707e-09 1.9586e-18 4.5043e-31 5.8292e-45 6.91e-62 9.9817e-05 7.3762e-08 1.7957e-17 1.0476e-30 1.0927e-07 6.0007e-24 1.4418e-45 8.5973e-72
2.7621e-29 0.63157 2.8566e-23 1.842e-08 6.395e-25 9.9459e-21 1.5916e-15 5.8816e-46 2.3758e-58 6.7721e-69 6.6289e-90 8.2864e-69 2.6958e-47 2.1698e-33 5.0214e-25 7.6377e-92 7.2105e-83 8.6354e-77 4.2302e-74 2.2533e-75 2.5761e-52 5.3623e-33 9.8229e-20 1.3856e-38 4.2033e-25 2.055e-34 1.0529e-46 4.8057e-98 2.3742e-89 2.971e-84 2.8087e-83 8.4611e-101 5.9735e-41 1.9484e-24 1.3006e-12 3.3295e-08 1.7301e-17 2.6083e-30 2.2127e-44 1.7194e-61 9.9785e-05 4.8337e-08 7.7139e-18 2.95e-31 1.6664e-07 1.396e-23 5.1168e-45 4.6545e-71
5.7719e-31 0.67592 6.7357e-23 7.8117e-09 4.4239e-24 2.9179e-20 1.9803e-15 8.5022e-47 8.098e-59 5.443e-69 3.1723e-88 1.6817e-67 2.3202e-46 7.92e-33 7.7732e-25 1.596e-93 3.5529e-84 1.0033e-77 1.1589e-74 1.4556e-75 6.0745e-52 5.3623e-33 4.1658e-20 9.5851e-38 1.2332e-24 2.5568e-34 5.5555e-47 1.0042e-99 1.1698e-90 3.4519e-85 7.6948e-84 5.4658e-101 2.8529e-39 3.9464e-23 1.1172e-11 1.2129e-07 2.673e-17 1.7089e-30 6.1483e-45 2.0261e-62 9.9587e-05 2.0459e-08 1.3846e-18 2.2456e-32 3.9216e-07 7.7465e-23 6.695e-44 1.436e-69
