$P_{O_2}$ $\mu_e$ e h $V_{O}^{\times}$ $V_{O}^{\bullet}$ $V_{O}^{\bullet\bullet}$ $O_{i}^{\times}$ $O_{i}^{'}$ $O_{i}^{''}$ $Sn_{i}^{\times}$ $Sn_{i}^{\bullet}$ $Sn_{i}^{\bullet\bullet}$ $Sn_{i}^{\bullet\bullet\bullet}$ $Sn_{i}^{\bullet\bullet\bullet\bullet}$ $V_{Sn}^{\times}$ $V_{Sn}^{'}$ $V_{Sn}^{''}$ $V_{Sn}^{'''}$ $V_{Sn}^{''''}$ $H_{i}^{'}$ $H_{i}^{\times}$ $H_{i}^{\bullet}$ $H_{O}^{\times}$ $H_{O}^{\bullet}$ $H_{O}^{\bullet\bullet}$ $H_{O}^{\bullet\bullet\bullet}$ $H_{Sn}^{\times}$ $H_{Sn}^{'}$ $H_{Sn}^{''}$ $H_{Sn}^{'''}$ $H_{Sn}^{''''}$ $Co_{i}^{\times}$ $Co_{i}^{\bullet}$ $Co_{i}^{\bullet\bullet}$ $Co_{i}^{\bullet\bullet\bullet}$ $Co_{i}^{\bullet\bullet\bullet\bullet}$ $Co_{Sn}^{\times}$ $Co_{Sn}^{'}$ $Co_{Sn}^{''}$ $Co_{Sn}^{'''}$ $Co_{Sn}^{''''}$
1 0.49788 1.809e-13 9.7676e-05 8.1987e-20 3.7248e-17 5.4281e-14 4.731e-16 8.2538e-23 1.2097e-28 1.9136e-59 2.4647e-48 5.1213e-37 1.6738e-29 9.2759e-25 5.2584e-32 4.4351e-28 1.3323e-25 8.0947e-25 5.1284e-26 6.2309e-27 1.0356e-16 1.6147e-09 1.2068e-26 2.4214e-19 1.9505e-23 5.0859e-29 4.1711e-35 2.545e-31 2.4713e-29 2.0858e-29 9.9377e-39 6.8965e-33 7.3329e-24 3.1366e-17 5.5116e-13 5.0137e-18 2.3228e-06 9.7677e-05 2.7984e-13 1.764e-24 2.0827e-37
0.14456 0.49788 1.809e-13 9.7676e-05 2.1564e-19 9.7967e-17 1.4277e-13 1.7987e-16 3.1381e-23 4.5992e-29 1.3238e-58 1.705e-47 3.5428e-36 1.1579e-28 6.4168e-24 7.6014e-33 6.4113e-29 1.926e-26 1.1701e-25 7.4135e-27 6.2309e-27 1.0356e-16 1.6147e-09 3.1741e-26 6.3688e-19 5.13e-23 1.3377e-28 6.0296e-36 3.6789e-32 3.5724e-30 3.0152e-30 1.4366e-39 4.7708e-32 5.0727e-23 2.1698e-16 3.8127e-12 3.4684e-17 2.3228e-06 9.7677e-05 2.7984e-13 1.764e-24 2.0827e-37
0.020896 0.49788 1.809e-13 9.7676e-05 5.6716e-19 2.5767e-16 3.755e-13 6.8389e-17 1.1931e-23 1.7486e-29 9.1577e-58 1.1795e-46 2.4508e-35 8.0099e-28 4.439e-23 1.0988e-33 9.2679e-30 2.7841e-27 1.6915e-26 1.0717e-27 6.2309e-27 1.0356e-16 1.6147e-09 8.3484e-26 1.6751e-18 1.3493e-22 3.5183e-28 8.7162e-37 5.3181e-33 5.1642e-31 4.3587e-31 2.0766e-40 3.3003e-31 3.5091e-22 1.501e-15 2.6375e-11 2.3993e-16 2.3228e-06 9.7677e-05 2.7984e-13 1.764e-24 2.0827e-37
0.0030207 0.49788 1.809e-13 9.7675e-05 1.4917e-18 6.7771e-16 9.8762e-13 2.6002e-17 4.5364e-24 6.6485e-30 6.3351e-57 8.1594e-46 1.6954e-34 5.5409e-27 3.0707e-22 1.5884e-34 1.3397e-30 4.0247e-28 2.4452e-27 1.5492e-28 6.2309e-27 1.0356e-16 1.6147e-09 2.1958e-25 4.4057e-18 3.5488e-22 9.2535e-28 1.26e-37 7.6877e-34 7.4652e-32 6.3008e-32 3.002e-41 2.283e-30 2.4275e-21 1.0383e-14 1.8245e-10 1.6597e-15 2.3227e-06 9.7677e-05 2.7984e-13 1.764e-24 2.0828e-37
0.00043666 0.49789 1.8091e-13 9.7671e-05 3.9235e-18 1.7824e-15 2.5974e-12 9.8861e-18 1.7248e-24 2.528e-30 4.3824e-56 5.6442e-45 1.1727e-33 3.8325e-26 2.1238e-21 2.2962e-35 1.9368e-31 5.8184e-29 3.5352e-28 2.2398e-29 6.2312e-27 1.0356e-16 1.6146e-09 5.7752e-25 1.1587e-17 9.333e-22 2.4335e-27 1.8214e-38 1.1113e-34 1.0792e-32 9.1094e-33 4.3403e-42 1.5793e-29 1.6791e-20 7.182e-14 1.2619e-09 1.1479e-14 2.3226e-06 9.7676e-05 2.7985e-13 1.7642e-24 2.083e-37
6.3122e-05 0.49792 1.8096e-13 9.7642e-05 1.0319e-17 4.6866e-15 6.8274e-12 3.7587e-18 6.5599e-25 9.6173e-31 3.0316e-55 3.9034e-44 8.1077e-33 2.6489e-25 1.4675e-20 3.3192e-36 2.8005e-32 8.4159e-30 5.1149e-29 3.2417e-30 6.233e-27 1.0356e-16 1.6141e-09 1.519e-24 3.0467e-17 2.4533e-21 6.3948e-27 2.6329e-39 1.607e-35 1.561e-33 1.318e-33 6.2816e-43 1.0921e-28 1.1608e-19 4.9635e-13 8.7187e-09 7.9284e-14 2.3218e-06 9.767e-05 2.7991e-13 1.7651e-24 2.0847e-37
9.1247e-06 0.49813 1.8133e-13 9.7443e-05 2.7142e-17 1.2301e-14 1.7884e-11 1.4291e-18 2.4992e-25 3.6715e-31 2.0972e-54 2.6947e-43 5.5858e-32 1.8212e-24 1.0069e-19 4.7982e-37 4.0566e-33 1.2215e-30 7.4393e-30 4.7245e-31 6.2458e-27 1.0356e-16 1.6108e-09 3.9951e-24 7.997e-17 6.4262e-21 1.6717e-26 3.8061e-40 2.3278e-36 2.2658e-34 1.9169e-34 9.1549e-44 7.5359e-28 7.9936e-19 3.4111e-12 5.9796e-08 5.4265e-13 2.316e-06 9.7624e-05 2.8035e-13 1.7715e-24 2.0966e-37
1.319e-06 0.49951 1.8376e-13 9.6156e-05 7.1387e-17 3.1926e-14 4.58e-11 5.4335e-19 9.6296e-26 1.4337e-31 1.4508e-53 1.8395e-42 3.7625e-31 1.2105e-23 6.6037e-19 6.9361e-38 5.9428e-34 1.8135e-31 1.1193e-30 7.2036e-32 6.3296e-27 1.0356e-16 1.5895e-09 1.0508e-23 2.0755e-16 1.6457e-20 4.2244e-26 5.5019e-41 3.4101e-37 3.3639e-35 2.8841e-35 1.3959e-44 5.1286e-27 5.3681e-18 2.2604e-11 3.9099e-07 3.5012e-12 2.2784e-06 9.7331e-05 2.8326e-13 1.8139e-24 2.1756e-37
1.9067e-07 0.50659 1.968e-13 8.98e-05 1.8776e-16 7.8407e-14 1.0503e-10 2.0658e-19 3.921e-26 6.2517e-32 1.0036e-52 1.1882e-41 2.2693e-30 6.8174e-23 3.4728e-18 1.0027e-38 9.2002e-35 3.0068e-32 1.9874e-31 1.3698e-32 6.7787e-27 1.0356e-16 1.4842e-09 2.7637e-23 5.0972e-16 3.774e-20 9.0456e-26 7.9533e-42 5.2792e-38 5.5771e-36 5.121e-36 2.6544e-45 3.2634e-26 3.1895e-17 1.254e-10 2.0255e-06 1.6936e-11 2.0957e-06 9.5879e-05 2.9883e-13 2.0494e-24 2.6324e-37
2.7563e-08 0.52693 2.3958e-13 7.3797e-05 4.9383e-16 1.694e-13 1.8641e-10 7.8544e-20 1.8148e-26 3.5225e-32 6.9427e-52 6.752e-41 1.0593e-29 2.6142e-22 1.0939e-17 1.4494e-39 1.619e-35 6.4411e-33 5.1828e-32 4.3486e-33 8.252e-27 1.0356e-16 1.2192e-09 7.269e-23 1.1013e-15 6.6981e-20 1.3188e-25 1.1497e-42 9.2901e-39 1.1947e-36 1.3355e-36 8.4266e-46 1.7835e-25 1.4319e-16 4.6247e-10 6.1359e-06 4.2146e-11 1.6557e-06 9.2208e-05 3.4986e-13 2.9208e-24 4.567e-37
3.9844e-09 0.55984 3.2936e-13 5.3708e-05 1.2989e-15 3.241e-13 2.5942e-10 2.9863e-20 9.4857e-27 2.5311e-32 4.8028e-51 3.3976e-40 3.8775e-29 6.9604e-22 2.1186e-17 2.0952e-40 3.2174e-36 1.7597e-33 1.9466e-32 2.2454e-33 1.1344e-26 1.0356e-16 8.8685e-10 1.9119e-22 2.107e-15 9.3215e-20 1.335e-25 1.662e-43 1.8462e-39 3.2641e-37 5.0159e-37 4.351e-46 8.5228e-25 4.9774e-16 1.1694e-09 1.1286e-05 5.6387e-11 1.1437e-06 8.7569e-05 4.5677e-13 5.2424e-24 1.1269e-36
5.7597e-10 0.60008 4.8601e-13 3.6413e-05 3.4162e-15 5.7768e-13 3.1335e-10 1.1354e-20 5.3219e-27 2.0955e-32 3.3224e-50 1.5928e-39 1.2318e-28 1.4985e-21 3.0911e-17 3.0287e-41 6.8631e-37 5.5391e-34 9.0415e-33 1.539e-33 1.674e-26 1.0356e-16 6.01e-10 5.0285e-22 3.7554e-15 1.1259e-19 1.0928e-25 2.4025e-44 3.9382e-40 1.0274e-37 2.3298e-37 2.9822e-46 3.812e-24 1.5087e-15 2.402e-09 1.571e-05 5.3192e-11 7.395e-07 8.3548e-05 6.4307e-13 1.0891e-23 3.4547e-36
8.3261e-11 0.64431 7.4542e-13 2.3749e-05 8.9852e-15 9.9063e-13 3.5035e-10 4.3169e-21 3.1034e-27 1.8742e-32 2.2984e-49 7.184e-39 3.6225e-28 2.8732e-21 3.8642e-17 4.3782e-42 1.5216e-37 1.8836e-34 4.7156e-33 1.2311e-33 2.5675e-26 1.0356e-16 3.9185e-10 1.3226e-21 6.44e-15 1.2589e-19 7.9662e-26 3.4729e-45 8.7315e-41 3.4938e-38 1.2151e-37 2.3855e-46 1.6584e-23 4.2793e-15 4.4422e-09 1.8943e-05 4.1818e-11 4.6507e-07 8.0588e-05 9.5136e-13 2.4712e-23 1.2023e-35
1.2036e-11 0.69082 1.1688e-12 1.5149e-05 2.3632e-14 1.6617e-12 3.7478e-10 1.6413e-21 1.8502e-27 1.752e-32 1.59e-48 3.1694e-38 1.0192e-27 5.1555e-21 4.422e-17 6.329e-43 3.4491e-38 6.6946e-35 2.628e-33 1.0758e-33 4.0259e-26 1.0356e-16 2.499e-10 3.4786e-21 1.0802e-14 1.3467e-19 5.4348e-26 5.0203e-46 1.9791e-41 1.2418e-38 6.7718e-38 2.0846e-46 7.1333e-23 1.1739e-14 7.7713e-09 2.1134e-05 2.9755e-11 2.8916e-07 7.8569e-05 1.4544e-12 5.9237e-23 4.5189e-35
1.7399e-12 0.73869 1.857e-12 9.5365e-06 6.2157e-14 2.7509e-12 3.9053e-10 6.2403e-22 1.1176e-27 1.6814e-32 1.0999e-47 1.38e-37 2.7933e-27 8.8934e-21 4.8012e-17 9.1489e-44 7.9213e-39 2.4427e-35 1.5235e-33 9.9081e-34 6.3962e-26 1.0356e-16 1.5729e-10 9.1493e-21 1.7883e-14 1.4033e-19 3.5645e-26 7.2572e-47 4.5454e-42 4.5309e-39 3.9256e-38 1.9199e-46 3.0537e-22 3.163e-14 1.318e-08 2.2561e-05 1.9993e-11 1.7895e-07 7.7247e-05 2.2718e-12 1.4701e-22 1.7817e-34
2.5151e-13 0.78739 2.9739e-12 5.9554e-06 1.6348e-13 4.5178e-12 4.0049e-10 2.3726e-22 6.8049e-28 1.6395e-32 7.6087e-47 5.9611e-37 7.5343e-27 1.4979e-20 5.0493e-17 1.3225e-44 1.8338e-39 9.0563e-36 9.0455e-34 9.4213e-34 1.0243e-25 1.0356e-16 9.8218e-11 2.4064e-20 2.937e-14 1.4391e-19 2.2825e-26 1.0491e-47 1.0523e-42 1.6798e-39 2.3308e-38 1.8256e-46 1.3046e-21 8.438e-14 2.1955e-08 2.3467e-05 1.2985e-11 1.1051e-07 7.6401e-05 3.5983e-12 3.729e-22 7.238e-34
3.6357e-14 0.8366 4.786e-12 3.7007e-06 4.2998e-13 7.3835e-12 4.067e-10 9.0208e-23 4.1638e-28 1.6145e-32 5.2635e-46 2.5624e-36 2.0124e-26 2.4859e-20 5.2071e-17 1.9118e-45 4.2662e-40 3.3907e-36 5.4503e-34 9.1358e-34 1.6485e-25 1.0356e-16 6.103e-11 6.3292e-20 4.8e-14 1.4614e-19 1.4403e-26 1.5165e-48 2.448e-43 6.2893e-40 1.4044e-38 1.7703e-46 5.5686e-21 2.2379e-13 3.6182e-08 2.403e-05 8.2623e-12 6.8188e-08 7.5865e-05 5.7504e-12 9.5905e-22 2.9958e-33
5.2556e-15 0.88612 7.7259e-12 2.2926e-06 1.1309e-12 1.203e-11 4.1049e-10 3.4297e-23 2.5556e-28 1.5996e-32 3.6411e-45 1.0981e-35 5.3422e-26 4.0881e-20 5.3047e-17 2.7636e-46 9.9552e-41 1.2772e-36 3.3142e-34 8.9677e-34 2.6611e-25 1.0356e-16 3.7807e-11 1.6647e-19 7.8207e-14 1.475e-19 9.0054e-27 2.1922e-49 5.7125e-44 2.3691e-40 8.54e-39 1.7377e-46 2.3757e-20 5.9146e-13 5.9237e-08 2.4372e-05 5.191e-12 4.2053e-08 7.5527e-05 9.2413e-12 2.488e-21 1.2546e-32
7.5973e-16 0.93584 1.2496e-11 1.4175e-06 2.9745e-12 1.9563e-11 4.1272e-10 1.304e-23 1.5715e-28 1.591e-32 2.5188e-44 4.6965e-35 1.4127e-25 6.684e-20 5.3624e-17 3.995e-47 2.3276e-41 4.8299e-37 2.0271e-34 8.8712e-34 4.3041e-25 1.0356e-16 2.3375e-11 4.3784e-19 1.2718e-13 1.483e-19 5.5981e-27 3.169e-50 1.3356e-44 8.9589e-41 5.2232e-39 1.719e-46 1.0132e-19 1.5596e-12 9.6575e-08 2.4567e-05 3.2352e-12 2.5926e-08 7.5311e-05 1.4904e-11 6.4899e-21 5.293e-32
1.0982e-16 0.98569 2.0237e-11 8.7528e-07 7.8234e-12 3.1772e-11 4.1389e-10 4.9579e-24 9.6764e-29 1.5865e-32 1.7425e-43 2.0062e-34 3.7262e-25 1.0886e-19 5.3929e-17 5.775e-48 5.449e-42 1.8312e-37 1.2446e-34 8.821e-34 6.9704e-25 1.0356e-16 1.4434e-11 1.1516e-18 2.0655e-13 1.4872e-19 3.4665e-27 4.5809e-51 3.1267e-45 3.3966e-41 3.207e-39 1.7093e-46 4.3198e-19 4.1058e-12 1.5699e-07 2.4659e-05 2.0052e-12 1.5978e-08 7.5168e-05 2.4091e-11 1.6989e-20 2.2439e-31
1.5876e-17 1.0356 3.2804e-11 5.3996e-07 2.0577e-11 5.1551e-11 4.1428e-10 1.885e-24 5.9637e-29 1.585e-32 1.2054e-42 8.5613e-34 9.8097e-25 1.768e-19 5.403e-17 8.3481e-49 1.2768e-42 6.9557e-38 7.6635e-35 8.8045e-34 1.1299e-24 1.0356e-16 8.9041e-12 3.0288e-18 3.3513e-13 1.4886e-19 2.1405e-27 6.622e-52 7.3268e-46 1.2902e-41 1.9747e-39 1.7061e-46 1.8409e-18 1.0794e-11 2.5461e-07 2.4671e-05 1.2376e-12 9.8435e-09 7.5064e-05 3.8998e-11 4.4579e-20 9.5447e-31
2.2949e-18 1.0857 5.3221e-11 3.3283e-07 5.412e-11 8.3573e-11 4.1397e-10 7.167e-25 3.6786e-29 1.5861e-32 8.3385e-42 3.6505e-33 2.5782e-24 2.8641e-19 5.3951e-17 1.2068e-49 2.9945e-43 2.6465e-38 4.7306e-35 8.8175e-34 1.8331e-24 1.0356e-16 5.4883e-12 7.9663e-18 5.433e-13 1.4875e-19 1.3184e-27 9.5725e-53 1.7183e-46 4.909e-42 1.219e-39 1.7086e-46 7.8404e-18 2.8336e-11 4.1198e-07 2.4606e-05 7.6082e-13 6.0602e-09 7.4976e-05 6.3195e-11 1.172e-19 4.071e-30
3.3175e-19 1.1358 8.6423e-11 2.0496e-07 1.4234e-10 1.3536e-10 4.1291e-10 2.7249e-25 2.2712e-29 1.5902e-32 5.7684e-41 1.5551e-32 6.7636e-24 4.627e-19 5.3673e-17 1.7445e-50 7.0293e-44 1.0088e-38 2.9282e-35 8.863e-34 2.9768e-24 1.0356e-16 3.3798e-12 2.0953e-17 8.7998e-13 1.4837e-19 8.0979e-28 1.3838e-53 4.0335e-47 1.8712e-42 7.5453e-40 1.7174e-46 3.3359e-17 7.4243e-11 6.6473e-07 2.4449e-05 4.6553e-13 3.7273e-09 7.4882e-05 1.0249e-10 3.0866e-19 1.7411e-29
4.7956e-20 1.1861 1.4051e-10 1.2606e-07 3.7439e-10 2.1898e-10 4.1084e-10 1.036e-25 1.404e-29 1.5982e-32 3.9904e-40 6.6168e-32 1.77e-23 7.4477e-19 5.3138e-17 2.5217e-51 1.6521e-44 3.8549e-39 1.8192e-35 8.9524e-34 4.8398e-24 1.0356e-16 2.0788e-12 5.5109e-17 1.4236e-12 1.4763e-19 4.9558e-28 2.0003e-54 9.4799e-48 7.1503e-43 4.6876e-40 1.7348e-46 1.4171e-16 1.9398e-10 1.0683e-06 2.4166e-05 2.8302e-13 2.2889e-09 7.4763e-05 1.6637e-10 8.1461e-19 7.4706e-29
6.9323e-21 1.2365 2.2886e-10 7.7398e-08 9.847e-10 3.5361e-10 4.0733e-10 3.939e-26 8.6942e-30 1.612e-32 2.7605e-39 2.8103e-31 4.6157e-23 1.1924e-18 5.2232e-17 3.6453e-52 3.8898e-45 1.4783e-39 1.1363e-35 9.1076e-34 7.8828e-24 1.0356e-16 1.2763e-12 1.4494e-16 2.2988e-12 1.4636e-19 3.0167e-28 2.8916e-55 2.232e-48 2.7421e-43 2.9279e-40 1.7648e-46 6.0049e-16 5.0469e-10 1.7064e-06 2.37e-05 1.7041e-13 1.4021e-09 7.4592e-05 2.7036e-10 2.1561e-18 3.2206e-28
1.0021e-21 1.2872 3.7378e-10 4.7389e-08 2.5899e-09 5.6945e-10 4.0162e-10 1.4976e-26 5.3988e-30 1.6349e-32 1.9096e-38 1.1903e-30 1.197e-22 1.8933e-18 5.078e-17 5.2695e-53 9.1836e-46 5.7004e-40 7.1562e-36 9.3681e-34 1.2875e-23 1.0356e-16 7.8144e-13 3.8123e-16 3.7019e-12 1.4431e-19 1.8212e-28 4.18e-56 5.2697e-49 1.0573e-43 1.844e-40 1.8153e-46 2.5347e-15 1.3043e-09 2.7002e-06 2.2962e-05 1.0109e-13 8.5551e-10 7.4336e-05 4.4005e-10 5.7317e-18 1.3983e-27
1.4486e-22 1.3384 6.1309e-10 2.8892e-08 6.8119e-09 9.1312e-10 3.9263e-10 5.6941e-27 3.3669e-30 1.6723e-32 1.321e-37 5.0203e-30 3.0778e-22 2.968e-18 4.8532e-17 7.6175e-54 2.1775e-46 2.2169e-40 4.5649e-36 9.8019e-34 2.1117e-23 1.0356e-16 4.7642e-13 1.0027e-15 5.9362e-12 1.4108e-19 1.0855e-28 6.0424e-57 1.2495e-49 4.1121e-44 1.1763e-40 1.8994e-46 1.0635e-14 3.3366e-09 4.2112e-06 2.1833e-05 5.8602e-14 5.189e-10 7.3954e-05 7.1807e-10 1.5341e-17 6.1387e-27
2.0941e-23 1.3903 1.0122e-09 1.7499e-08 1.7916e-08 1.4547e-09 3.7885e-10 2.1649e-27 2.1134e-30 1.7332e-32 9.1384e-37 2.1035e-29 7.811e-22 4.5623e-18 4.5186e-17 1.1012e-54 5.1968e-47 8.7355e-41 2.9697e-36 1.0528e-33 3.4865e-23 1.0356e-16 2.8857e-13 2.6372e-15 9.4567e-12 1.3613e-19 6.3438e-29 8.7347e-58 2.982e-50 1.6203e-44 7.6523e-41 2.0401e-46 4.4227e-14 8.4042e-09 6.4246e-06 2.0175e-05 3.2799e-14 3.1193e-10 7.3399e-05 1.1766e-09 4.1503e-17 2.7419e-26
3.0271e-24 1.4431 1.6876e-09 1.0496e-08 4.7123e-08 2.2948e-09 3.5848e-10 8.2312e-28 1.3397e-30 1.8317e-32 6.3217e-36 8.7279e-29 1.9439e-21 6.8102e-18 4.0456e-17 1.5918e-55 1.2525e-47 3.5101e-41 1.9895e-36 1.1759e-33 5.8128e-23 1.0356e-16 1.7308e-13 6.9363e-15 1.4918e-11 1.2881e-19 3.6004e-29 1.2626e-58 7.187e-51 6.5107e-45 5.1264e-41 2.2786e-46 1.816e-13 2.0697e-08 9.49e-06 1.7875e-05 1.743e-14 1.8514e-10 7.2633e-05 1.9413e-09 1.1416e-16 1.2574e-25
4.3759e-25 1.4974 2.8531e-09 6.2085e-09 1.2394e-07 3.5701e-09 3.2988e-10 3.1295e-28 8.6113e-31 1.9905e-32 4.3732e-35 3.5713e-28 4.705e-21 9.7497e-18 3.4258e-17 2.301e-56 3.0609e-48 1.4502e-41 1.3897e-36 1.3886e-33 9.8272e-23 1.0356e-16 1.0238e-13 1.8244e-14 2.3209e-11 1.1853e-19 1.9597e-29 1.8252e-59 1.7564e-51 2.69e-45 3.5808e-41 2.6908e-46 7.3309e-13 4.9423e-08 1.3404e-05 1.4934e-05 8.6133e-15 1.0804e-10 7.1659e-05 3.2379e-09 3.2192e-16 5.9945e-25
6.3256e-26 1.5536 4.9133e-09 3.6052e-09 3.2598e-07 5.4527e-09 2.9256e-10 1.1899e-28 5.6383e-31 2.2444e-32 3.0252e-34 1.4346e-27 1.0975e-20 1.3206e-17 2.6946e-17 3.3263e-57 7.6199e-49 6.2172e-42 1.0259e-36 1.7654e-33 1.6923e-22 1.0356e-16 5.9449e-14 4.7984e-14 3.5447e-11 1.0513e-19 1.0093e-29 2.6385e-60 4.3724e-52 1.1532e-45 2.6436e-41 3.4209e-46 2.8994e-12 1.1351e-07 1.7876e-05 1.1565e-05 3.8733e-15 6.1772e-11 7.0554e-05 5.49e-09 9.3996e-16 3.0142e-24
9.144e-27 1.6121 8.6496e-09 2.0479e-09 8.5739e-07 8.1464e-09 2.4829e-10 4.524e-29 3.7739e-31 2.6446e-32 2.0928e-33 5.6373e-27 2.4497e-20 1.6744e-17 1.9407e-17 4.8083e-58 1.9391e-49 2.7854e-42 8.0916e-37 2.4512e-33 2.9793e-22 1.0356e-16 3.3769e-14 1.262e-13 5.2959e-11 8.9215e-20 4.8653e-30 3.8141e-61 1.1127e-52 5.1665e-46 2.085e-41 4.7499e-46 1.1219e-11 2.4947e-07 2.2317e-05 8.2014e-06 1.5603e-15 3.4551e-11 6.9472e-05 9.5167e-09 2.8685e-15 1.6194e-23
1.3218e-27 1.673 1.5582e-08 1.1368e-09 2.2551e-06 1.1894e-08 2.0122e-10 1.72e-29 2.5848e-31 3.2631e-32 1.4477e-32 2.1647e-26 5.2219e-20 1.9813e-17 1.2747e-17 6.9507e-59 5.0498e-50 1.3067e-42 6.8383e-37 3.7319e-33 5.3671e-22 1.0356e-16 1.8745e-14 3.3194e-13 7.7321e-11 7.2305e-20 2.1888e-30 5.5135e-62 2.8977e-53 2.4237e-46 1.7621e-41 7.2314e-46 4.2534e-11 5.2504e-07 2.6073e-05 5.3188e-06 5.617e-16 1.8936e-11 6.8591e-05 1.6927e-08 9.191e-15 9.3472e-23
1.9108e-28 1.736 2.8664e-08 6.1797e-10 5.9312e-06 1.7006e-08 1.564e-10 6.5397e-30 1.8078e-31 4.1982e-32 1.0015e-31 8.1407e-26 1.0675e-19 2.2019e-17 7.7011e-18 1.0048e-59 1.3428e-50 6.3918e-43 6.1533e-37 6.1772e-33 9.8729e-22 1.0356e-16 1.019e-14 8.7305e-13 1.1055e-10 5.62e-20 9.2485e-31 7.9701e-63 7.7053e-54 1.1856e-46 1.5856e-41 1.197e-45 1.5867e-10 1.0647e-06 2.8742e-05 3.1874e-06 1.8299e-16 1.0211e-11 6.8039e-05 3.0887e-08 3.0851e-14 5.7716e-22
2.7621e-29 1.8008 5.3638e-08 3.3024e-10 1.56e-05 2.3902e-08 1.1748e-10 2.4864e-30 1.2862e-31 5.5894e-32 6.9281e-31 3.0094e-25 2.1089e-19 2.3245e-17 4.3446e-18 1.4525e-60 3.6324e-51 3.2355e-43 5.8287e-37 1.095e-32 1.8475e-21 1.0356e-16 5.4456e-15 2.2962e-12 1.5539e-10 4.2212e-20 3.7121e-31 1.1521e-63 2.0843e-54 6.0014e-47 1.5019e-41 2.1218e-45 5.8516e-10 2.0984e-06 3.0271e-05 1.7939e-06 5.5035e-17 5.4437e-12 6.7878e-05 5.766e-08 1.0777e-13 3.773e-21
3.9929e-30 1.8671 1.018e-07 1.74e-10 4.103e-05 3.3124e-08 8.5781e-11 9.4535e-31 9.2813e-32 7.6546e-32 4.7927e-30 1.0969e-24 4.0502e-19 2.3523e-17 2.3165e-18 2.0996e-61 9.9656e-52 1.6847e-43 5.7599e-37 2.0536e-32 3.5064e-21 1.0356e-16 2.8693e-15 6.0395e-12 2.1534e-10 3.0823e-20 1.4282e-31 1.6655e-64 5.7184e-55 3.1249e-47 1.4842e-41 3.9793e-45 2.142e-09 4.0471e-06 3.0763e-05 9.6057e-07 1.5528e-17 2.8805e-12 6.8167e-05 1.099e-07 3.8985e-13 2.5902e-20
5.7719e-31 1.9348 1.959e-07 9.042e-11 0.00010792 4.5273e-08 6.0924e-11 3.5943e-31 6.7907e-32 1.0778e-31 3.3154e-29 3.9432e-24 7.5659e-19 2.2834e-17 1.1685e-18 3.0351e-62 2.7722e-52 9.0185e-44 5.9337e-37 4.0711e-32 6.7476e-21 1.0356e-16 1.491e-15 1.5885e-11 2.9432e-10 2.1892e-20 5.2712e-32 2.4076e-65 1.5908e-55 1.6728e-47 1.529e-41 7.8887e-45 7.7994e-09 7.6578e-06 3.0248e-05 4.908e-07 4.1228e-18 1.5162e-12 6.9047e-05 2.1422e-07 1.4624e-12 1.8698e-19
