$P_{O_2}$ $\mu_e$ e h $V_{O}^{\times}$ $V_{O}^{\bullet}$ $V_{O}^{\bullet\bullet}$ $O_{i}^{\times}$ $O_{i}^{'}$ $O_{i}^{''}$ $Sn_{i}^{\times}$ $Sn_{i}^{\bullet}$ $Sn_{i}^{\bullet\bullet}$ $Sn_{i}^{\bullet\bullet\bullet}$ $Sn_{i}^{\bullet\bullet\bullet\bullet}$ $V_{Sn}^{\times}$ $V_{Sn}^{'}$ $V_{Sn}^{''}$ $V_{Sn}^{'''}$ $V_{Sn}^{''''}$ $H_{i}^{'}$ $H_{i}^{\times}$ $H_{i}^{\bullet}$ $H_{O}^{\times}$ $H_{O}^{\bullet}$ $H_{O}^{\bullet\bullet}$ $H_{O}^{\bullet\bullet\bullet}$ $H_{Sn}^{\times}$ $H_{Sn}^{'}$ $H_{Sn}^{''}$ $H_{Sn}^{'''}$ $H_{Sn}^{''''}$ $Cr_{i}^{\times}$ $Cr_{i}^{\bullet}$ $Cr_{i}^{\bullet\bullet}$ $Cr_{i}^{\bullet\bullet\bullet}$ $Cr_{i}^{\bullet\bullet\bullet\bullet}$ $Cr_{i}^{\bullet\bullet\bullet\bullet\bullet}$ $Cr_{i}^{\bullet\bullet\bullet\bullet\bullet\bullet}$ $Cr_{Sn}^{\times}$ $Cr_{Sn}^{\bullet}$ $Cr_{Sn}^{\bullet\bullet}$ $Cr_{Sn}^{'}$ $Cr_{Sn}^{''}$ $Cr_{Sn}^{'''}$ $Cr_{Sn}^{''''}$
1 1.1618 1.1107e-10 1.5948e-07 8.1987e-20 6.0664e-20 1.4398e-19 4.731e-16 5.0678e-20 4.5603e-23 1.9136e-59 4.0143e-51 1.3585e-42 7.231e-38 6.5266e-36 5.2584e-32 2.7232e-25 5.0228e-20 1.8737e-16 7.2888e-15 3.8257e-24 1.0356e-16 2.6298e-12 1.2068e-26 3.9437e-22 5.1737e-29 2.1972e-37 4.1711e-35 1.5626e-28 9.3167e-24 4.8281e-21 1.4124e-27 6.8459e-43 6.9772e-36 7.7552e-32 1.594e-32 4.2701e-36 3.5148e-44 5.2218e-56 9.984e-05 4.9282e-10 7.5944e-17 1.5986e-07 3.7689e-15 3.1674e-21 2.1651e-31
0.14456 1.1618 1.1107e-10 1.5948e-07 2.1564e-19 1.5956e-19 3.787e-19 1.7987e-16 1.9268e-20 1.7339e-23 1.3238e-58 2.777e-50 9.3975e-42 5.0022e-37 4.5149e-35 7.6014e-33 3.9365e-26 7.2608e-21 2.7086e-17 1.0536e-15 3.8257e-24 1.0356e-16 2.6298e-12 3.1741e-26 1.0373e-21 1.3608e-28 5.779e-37 6.0296e-36 2.2588e-29 1.3468e-24 6.9794e-22 2.0417e-28 4.7358e-42 4.8266e-35 5.3648e-31 1.1027e-31 2.9539e-35 2.4314e-43 3.6123e-55 9.984e-05 4.9282e-10 7.5944e-17 1.5986e-07 3.7689e-15 3.1674e-21 2.1651e-31
0.020896 1.1618 1.1107e-10 1.5948e-07 5.6716e-19 4.1966e-19 9.9605e-19 6.8389e-17 7.3259e-21 6.5922e-24 9.1577e-58 1.921e-49 6.5009e-41 3.4604e-36 3.1233e-34 1.0988e-33 5.6905e-27 1.0496e-21 3.9154e-18 1.5231e-16 3.8257e-24 1.0356e-16 2.6298e-12 8.3484e-26 2.7282e-21 3.579e-28 1.52e-36 8.7162e-37 3.2653e-30 1.9469e-25 1.0089e-22 2.9514e-29 3.2761e-41 3.3389e-34 3.7112e-30 7.628e-31 2.0435e-34 1.682e-42 2.4989e-54 9.984e-05 4.9282e-10 7.5944e-17 1.5986e-07 3.7689e-15 3.1674e-21 2.1651e-31
0.0030207 1.1618 1.1107e-10 1.5948e-07 1.4917e-18 1.1038e-18 2.6198e-18 2.6002e-17 2.7853e-21 2.5064e-24 6.3351e-57 1.3289e-48 4.4972e-40 2.3938e-35 2.1606e-33 1.5884e-34 8.2259e-28 1.5173e-22 5.66e-19 2.2017e-17 3.8257e-24 1.0356e-16 2.6298e-12 2.1958e-25 7.1755e-21 9.4135e-28 3.9977e-36 1.26e-37 4.7202e-31 2.8143e-26 1.4584e-23 4.2664e-30 2.2663e-40 2.3098e-33 2.5673e-29 5.2769e-30 1.4136e-33 1.1636e-41 1.7287e-53 9.984e-05 4.9282e-10 7.5944e-17 1.5986e-07 3.7689e-15 3.1674e-21 2.1651e-31
0.00043666 1.1618 1.1107e-10 1.5948e-07 3.9235e-18 2.9031e-18 6.8904e-18 9.8861e-18 1.059e-21 9.5295e-25 4.3824e-56 9.193e-48 3.111e-39 1.656e-34 1.4947e-32 2.2962e-35 1.1891e-28 2.1933e-23 8.1818e-20 3.1827e-18 3.8257e-24 1.0356e-16 2.6298e-12 5.7752e-25 1.8873e-20 2.4759e-27 1.0515e-35 1.8214e-38 6.8233e-32 4.0683e-27 2.1083e-24 6.1674e-31 1.5678e-39 1.5978e-32 1.776e-28 3.6504e-29 9.779e-33 8.0491e-41 1.1958e-52 9.984e-05 4.9282e-10 7.5944e-17 1.5986e-07 3.7689e-15 3.1674e-21 2.1651e-31
6.3122e-05 1.1618 1.1107e-10 1.5948e-07 1.0319e-17 7.6355e-18 1.8123e-17 3.7587e-18 4.0264e-22 3.6232e-25 3.0316e-55 6.3595e-47 2.1521e-38 1.1456e-33 1.034e-31 3.3192e-36 1.7189e-29 3.1705e-24 1.1827e-20 4.6008e-19 3.8257e-24 1.0356e-16 2.6298e-12 1.519e-24 4.9638e-20 6.512e-27 2.7655e-35 2.6329e-39 9.8635e-33 5.8809e-28 3.0476e-25 8.9153e-32 1.0845e-38 1.1053e-31 1.2286e-27 2.5252e-28 6.7648e-32 5.5682e-40 8.2725e-52 9.984e-05 4.9282e-10 7.5944e-17 1.5986e-07 3.7689e-15 3.1674e-21 2.1651e-31
9.1247e-06 1.1618 1.1107e-10 1.5948e-07 2.7142e-17 2.0083e-17 4.7666e-17 1.4291e-18 1.5308e-22 1.3775e-25 2.0972e-54 4.3993e-46 1.4888e-37 7.9246e-33 7.1526e-31 4.7982e-37 2.4848e-30 4.5832e-25 1.7097e-21 6.6508e-20 3.8257e-24 1.0356e-16 2.6298e-12 3.9951e-24 1.3056e-19 1.7127e-26 7.2737e-35 3.8061e-40 1.4258e-33 8.5012e-29 4.4055e-26 1.2888e-32 7.5026e-38 7.6465e-31 8.4991e-27 1.7469e-27 4.6797e-31 3.8519e-39 5.7227e-51 9.984e-05 4.9282e-10 7.5944e-17 1.5986e-07 3.7689e-15 3.1674e-21 2.1651e-31
1.319e-06 1.1618 1.1107e-10 1.5948e-07 7.1387e-17 5.2821e-17 1.2537e-16 5.4335e-19 5.8204e-23 5.2375e-26 1.4508e-53 3.0433e-45 1.0299e-36 5.482e-32 4.948e-30 6.9361e-38 3.592e-31 6.6253e-26 2.4715e-22 9.6141e-21 3.8257e-24 1.0356e-16 2.6298e-12 1.0508e-23 3.4338e-19 4.5048e-26 1.9131e-34 5.5019e-41 2.0611e-34 1.2289e-29 6.3685e-27 1.863e-33 5.1901e-37 5.2896e-30 5.8794e-26 1.2085e-26 3.2373e-30 2.6646e-38 3.9588e-50 9.984e-05 4.9282e-10 7.5944e-17 1.5986e-07 3.7689e-15 3.1674e-21 2.1651e-31
1.9067e-07 1.1618 1.1107e-10 1.5948e-07 1.8776e-16 1.3893e-16 3.2974e-16 2.0658e-19 2.2129e-23 1.9913e-26 1.0036e-52 2.1053e-44 7.1245e-36 3.7923e-31 3.4229e-29 1.0027e-38 5.1924e-32 9.5773e-27 3.5727e-23 1.3898e-21 3.8257e-24 1.0356e-16 2.6298e-12 2.7637e-23 9.0315e-19 1.1848e-25 5.0318e-34 7.9533e-42 2.9795e-35 1.7765e-30 9.206e-28 2.6931e-34 3.5903e-36 3.6592e-29 4.0672e-25 8.3598e-26 2.2395e-29 1.8433e-37 2.7386e-49 9.984e-05 4.9282e-10 7.5944e-17 1.5986e-07 3.7689e-15 3.1674e-21 2.1651e-31
2.7563e-08 1.1618 1.1107e-10 1.5948e-07 4.9383e-16 3.654e-16 8.6726e-16 7.8544e-20 8.4137e-24 7.5711e-27 6.9427e-52 1.4564e-43 4.9285e-35 2.6234e-30 2.3679e-28 1.4494e-39 7.5059e-33 1.3845e-27 5.1646e-24 2.009e-22 3.8257e-24 1.0356e-16 2.6298e-12 7.269e-23 2.3754e-18 3.1163e-25 1.3234e-33 1.1497e-42 4.307e-36 2.568e-31 1.3308e-28 3.893e-35 2.4837e-35 2.5313e-28 2.8136e-24 5.783e-25 1.5492e-28 1.2752e-36 1.8945e-48 9.984e-05 4.9282e-10 7.5944e-17 1.5986e-07 3.7689e-15 3.1674e-21 2.1651e-31
3.9844e-09 1.1618 1.1107e-10 1.5948e-07 1.2989e-15 9.6106e-16 2.281e-15 2.9863e-20 3.1989e-24 2.8786e-27 4.8028e-51 1.0075e-42 3.4094e-34 1.8148e-29 1.638e-27 2.0952e-40 1.085e-33 2.0013e-28 7.4657e-25 2.9042e-23 3.8257e-24 1.0356e-16 2.6298e-12 1.9119e-22 6.2478e-18 8.1964e-25 3.4808e-33 1.662e-43 6.2261e-37 3.7122e-32 1.9237e-29 5.6276e-36 1.7182e-34 1.7511e-27 1.9464e-23 4.0006e-24 1.0717e-27 8.8212e-36 1.3105e-47 9.984e-05 4.9282e-10 7.5944e-17 1.5986e-07 3.7689e-15 3.1674e-21 2.1651e-31
5.7597e-10 1.1618 1.1107e-10 1.5948e-07 3.4162e-15 2.5277e-15 5.9995e-15 1.1354e-20 1.2163e-24 1.0945e-27 3.3224e-50 6.9695e-42 2.3585e-33 1.2554e-28 1.1331e-26 3.0287e-41 1.5685e-34 2.893e-29 1.0792e-25 4.1981e-24 3.8257e-24 1.0356e-16 2.6298e-12 5.0285e-22 1.6433e-17 2.1558e-24 9.1552e-33 2.4025e-44 9.0002e-38 5.3662e-33 2.7809e-30 8.135e-37 1.1886e-33 1.2114e-26 1.3464e-22 2.7675e-23 7.4137e-27 6.1023e-35 9.066e-47 9.984e-05 4.9282e-10 7.5944e-17 1.5986e-07 3.7689e-15 3.1674e-21 2.1651e-31
8.3261e-11 1.1618 1.1107e-10 1.5948e-07 8.9852e-15 6.6483e-15 1.578e-14 4.3169e-21 4.6243e-25 4.1612e-28 2.2984e-49 4.8213e-41 1.6316e-32 8.6848e-28 7.8387e-26 4.3782e-42 2.2673e-35 4.1821e-30 1.5601e-26 6.0687e-25 3.8257e-24 1.0356e-16 2.6298e-12 1.3226e-21 4.322e-17 5.67e-24 2.408e-32 3.4729e-45 1.301e-38 7.7571e-34 4.0199e-31 1.176e-37 8.2222e-33 8.3799e-26 9.3143e-22 1.9145e-22 5.1286e-26 4.2214e-34 6.2716e-46 9.984e-05 4.9282e-10 7.5944e-17 1.5986e-07 3.7689e-15 3.1674e-21 2.1651e-31
1.2036e-11 1.1618 1.1107e-10 1.5948e-07 2.3632e-14 1.7486e-14 4.1503e-14 1.6413e-21 1.7582e-25 1.5821e-28 1.59e-48 3.3352e-40 1.1287e-31 6.0079e-27 5.4226e-25 6.329e-43 3.2776e-36 6.0454e-31 2.2552e-27 8.7727e-26 3.8257e-24 1.0356e-16 2.6298e-12 3.4786e-21 1.1368e-16 1.4913e-23 6.3333e-32 5.0203e-46 1.8807e-39 1.1213e-34 5.8111e-32 1.6999e-38 5.6879e-32 5.797e-25 6.4434e-21 1.3244e-21 3.5478e-25 2.9202e-33 4.3385e-45 9.984e-05 4.9282e-10 7.5944e-17 1.5986e-07 3.769e-15 3.1674e-21 2.1651e-31
1.7399e-12 1.1618 1.1107e-10 1.5948e-07 6.2157e-14 4.5991e-14 1.0916e-13 6.2403e-22 6.6847e-26 6.0152e-29 1.0999e-47 2.3072e-39 7.8079e-31 4.1561e-26 3.7512e-24 9.1489e-44 4.7379e-37 8.739e-32 3.26e-28 1.2681e-26 3.8257e-24 1.0356e-16 2.6298e-12 9.1493e-21 2.9899e-16 3.9224e-23 1.6658e-31 7.2572e-47 2.7187e-40 1.621e-35 8.4003e-33 2.4574e-39 3.9347e-31 4.0102e-24 4.4574e-20 9.1616e-21 2.4543e-24 2.0201e-32 3.0013e-44 9.984e-05 4.9282e-10 7.5944e-17 1.5986e-07 3.769e-15 3.1674e-21 2.1651e-31
2.5151e-13 1.1618 1.1107e-10 1.5948e-07 1.6348e-13 1.2096e-13 2.871e-13 2.3726e-22 2.5415e-26 2.287e-29 7.6087e-47 1.5961e-38 5.4013e-30 2.875e-25 2.595e-23 1.3225e-44 6.849e-38 1.2633e-32 4.7126e-29 1.8332e-27 3.8257e-24 1.0356e-16 2.6298e-12 2.4064e-20 7.8638e-16 1.0316e-22 4.3812e-31 1.0491e-47 3.9301e-41 2.3432e-36 1.2143e-33 3.5523e-40 2.7219e-30 2.7742e-23 3.0835e-19 6.3377e-20 1.6978e-23 1.3975e-31 2.0762e-43 9.984e-05 4.9282e-10 7.5944e-17 1.5986e-07 3.769e-15 3.1674e-21 2.1651e-31
3.6357e-14 1.1618 1.1107e-10 1.5948e-07 4.2998e-13 3.1815e-13 7.5512e-13 9.0208e-23 9.6631e-27 8.6955e-30 5.2635e-46 1.1041e-37 3.7364e-29 1.9889e-24 1.7951e-22 1.9118e-45 9.9007e-39 1.8262e-33 6.8124e-30 2.65e-28 3.8258e-24 1.0356e-16 2.6298e-12 6.3292e-20 2.0683e-15 2.7133e-22 1.1523e-30 1.5165e-48 5.6812e-42 3.3873e-37 1.7554e-34 5.1351e-41 1.883e-29 1.9191e-22 2.133e-18 4.3842e-19 1.1745e-22 9.6671e-31 1.4362e-42 9.984e-05 4.9282e-10 7.5943e-17 1.5986e-07 3.769e-15 3.1674e-21 2.1652e-31
5.2556e-15 1.1618 1.1107e-10 1.5947e-07 1.1309e-12 8.3678e-13 1.9861e-12 3.4297e-23 3.674e-27 3.3061e-30 3.6411e-45 7.6379e-37 2.5847e-28 1.3758e-23 1.2418e-21 2.7636e-46 1.4312e-39 2.6399e-34 9.848e-31 3.8309e-29 3.8258e-24 1.0356e-16 2.6297e-12 1.6647e-19 5.4399e-15 7.1364e-22 3.0307e-30 2.1922e-49 8.2126e-43 4.8966e-38 2.5376e-35 7.4234e-42 1.3026e-28 1.3276e-21 1.4756e-17 3.0328e-18 8.1244e-22 6.6871e-30 9.9347e-42 9.984e-05 4.9281e-10 7.5942e-17 1.5986e-07 3.7691e-15 3.1675e-21 2.1653e-31
7.5973e-16 1.1618 1.1108e-10 1.5947e-07 2.9745e-12 2.2008e-12 5.2234e-12 1.304e-23 1.3969e-27 1.2571e-30 2.5188e-44 5.2836e-36 1.7879e-27 9.5167e-23 8.5893e-21 3.995e-47 2.069e-40 3.8163e-35 1.4237e-31 5.5384e-30 3.8259e-24 1.0356e-16 2.6297e-12 4.3784e-19 1.4307e-14 1.8769e-21 7.9705e-30 3.169e-50 1.1872e-43 7.0787e-39 3.6685e-36 1.0732e-42 9.0109e-28 9.1834e-21 1.0207e-16 2.0979e-17 5.6197e-21 4.6254e-29 6.8716e-41 9.984e-05 4.928e-10 7.5938e-17 1.5987e-07 3.7692e-15 3.1678e-21 2.1655e-31
1.0982e-16 1.1618 1.1108e-10 1.5946e-07 7.8234e-12 5.7881e-12 1.3737e-11 4.9579e-24 5.3115e-28 4.7801e-31 1.7425e-43 3.6548e-35 1.2367e-26 6.5821e-22 5.9403e-20 5.775e-48 2.991e-41 5.5174e-36 2.0584e-32 8.0081e-31 3.8261e-24 1.0356e-16 2.6295e-12 1.1516e-18 3.7628e-14 4.9359e-21 2.096e-29 4.5809e-51 1.7163e-44 1.0234e-39 5.3041e-37 1.5518e-43 6.2335e-27 6.3524e-20 7.06e-16 1.451e-16 3.8865e-20 3.1987e-28 4.7517e-40 9.984e-05 4.9277e-10 7.5928e-17 1.5988e-07 3.7697e-15 3.1684e-21 2.166e-31
1.5876e-17 1.1618 1.111e-10 1.5943e-07 2.0577e-11 1.5221e-11 3.6117e-11 1.885e-24 2.0198e-28 1.818e-31 1.2054e-42 2.5279e-34 8.5522e-26 4.551e-21 4.1066e-19 8.3481e-49 4.3244e-42 7.9785e-37 2.9771e-33 1.1584e-31 3.8268e-24 1.0356e-16 2.6291e-12 3.0288e-18 9.8951e-14 1.2978e-20 5.5099e-29 6.622e-52 2.4814e-45 1.4799e-40 7.6713e-38 2.2447e-44 4.3122e-26 4.3937e-19 4.8823e-15 1.0032e-15 2.6868e-19 2.2109e-27 3.2838e-39 9.984e-05 4.9268e-10 7.5903e-17 1.5991e-07 3.771e-15 3.17e-21 2.1675e-31
2.2949e-18 1.1618 1.1115e-10 1.5936e-07 5.412e-11 4.0016e-11 9.4909e-11 7.167e-25 7.6828e-29 6.9184e-32 8.3385e-42 1.7479e-33 5.9109e-25 3.1441e-20 2.8357e-18 1.2068e-49 6.254e-43 1.1544e-37 4.3094e-34 1.6775e-32 3.8285e-24 1.0356e-16 2.6279e-12 7.9663e-18 2.6014e-13 3.4103e-20 1.4473e-28 9.5725e-53 3.5887e-46 2.1412e-41 1.1104e-38 3.2507e-45 2.983e-25 3.0381e-18 3.3744e-14 6.9307e-15 1.8553e-18 1.526e-26 2.2655e-38 9.984e-05 4.9246e-10 7.5835e-17 1.5998e-07 3.7744e-15 3.1742e-21 2.1714e-31
3.3175e-19 1.162 1.1128e-10 1.5918e-07 1.4234e-10 1.0513e-10 2.4904e-10 2.7249e-25 2.9245e-29 2.6366e-32 5.7684e-41 1.2077e-32 4.0794e-24 2.1673e-19 1.9525e-17 1.7445e-50 9.0511e-44 1.6726e-38 6.2514e-35 2.4364e-33 3.833e-24 1.0356e-16 2.6248e-12 2.0953e-17 6.8341e-13 8.9487e-20 3.7932e-28 1.3838e-53 5.1937e-47 3.1025e-42 1.6108e-39 4.7211e-46 2.0636e-24 2.0992e-17 2.3289e-13 4.7777e-14 1.2775e-17 1.0495e-25 1.5563e-37 9.9839e-05 4.9189e-10 7.5657e-17 1.6016e-07 3.7832e-15 3.1854e-21 2.1816e-31
4.7956e-20 1.1623 1.1162e-10 1.5869e-07 3.7439e-10 2.7565e-10 6.5102e-10 1.036e-25 1.1153e-29 1.0086e-32 3.9904e-40 8.3293e-32 2.8048e-23 1.4856e-18 1.3343e-16 2.5217e-51 1.3124e-44 2.4327e-39 9.1202e-36 3.5654e-34 3.8447e-24 1.0356e-16 2.6168e-12 5.5109e-17 1.792e-12 2.3393e-19 9.8854e-28 2.0003e-54 7.5309e-48 4.5124e-43 2.35e-40 6.9088e-47 1.4275e-23 1.4477e-16 1.6012e-12 3.2748e-13 8.7295e-17 7.1498e-25 1.057e-36 9.9839e-05 4.9038e-10 7.5195e-17 1.6065e-07 3.8064e-15 3.2148e-21 2.2084e-31
6.9323e-21 1.1631 1.1251e-10 1.5743e-07 9.847e-10 7.1927e-10 1.6853e-09 3.939e-26 4.2743e-30 3.8962e-33 2.7605e-39 5.7164e-31 1.9097e-22 1.0035e-17 8.9413e-16 3.6453e-52 1.9123e-45 3.573e-40 1.3502e-36 5.3203e-35 3.8754e-24 1.0356e-16 2.5961e-12 1.4494e-16 4.6759e-12 6.0557e-19 2.5388e-27 2.8916e-55 1.0973e-48 6.6274e-44 3.4791e-41 1.031e-47 9.8751e-23 9.9355e-16 1.0902e-11 2.212e-12 5.8499e-16 4.7534e-24 6.9715e-36 9.9838e-05 4.8649e-10 7.4009e-17 1.6193e-07 3.8673e-15 3.2923e-21 2.2797e-31
1.0021e-21 1.1652 1.148e-10 1.5429e-07 2.5899e-09 1.854e-09 4.2574e-09 1.4976e-26 1.6582e-30 1.5423e-33 1.9096e-38 3.8755e-30 1.2689e-21 6.5345e-17 5.7062e-15 5.2695e-53 2.8206e-46 5.3775e-41 2.0734e-37 8.3367e-36 3.9543e-24 1.0356e-16 2.5443e-12 3.8123e-16 1.2053e-11 1.5298e-18 6.2855e-27 4.18e-56 1.6185e-49 9.9745e-45 5.3427e-42 1.6155e-48 6.8311e-22 6.7357e-15 7.2434e-11 1.4404e-11 3.7332e-15 2.9729e-23 4.2731e-35 9.9834e-05 4.7677e-10 7.1082e-17 1.6523e-07 4.0263e-15 3.4974e-21 2.4711e-31
1.4486e-22 1.1702 1.2053e-10 1.4696e-07 6.8119e-09 4.6447e-09 1.0159e-08 5.6941e-27 6.6191e-31 6.4636e-34 1.321e-37 2.5536e-29 7.9633e-21 3.9061e-16 3.2488e-14 7.6175e-54 4.2809e-47 8.5685e-42 3.4687e-38 1.4642e-36 4.1516e-24 1.0356e-16 2.4234e-12 1.0027e-15 3.0195e-11 3.6503e-18 1.4285e-26 6.0424e-57 2.4564e-50 1.5893e-45 8.938e-43 2.8374e-49 4.7252e-21 4.4378e-14 4.5454e-10 8.6093e-11 2.1253e-14 1.612e-22 2.207e-34 9.9826e-05 4.5407e-10 6.4481e-17 1.7345e-07 4.4378e-15 4.0471e-21 3.0021e-31
2.0941e-23 1.1812 1.3411e-10 1.3208e-07 1.7916e-08 1.098e-08 2.1583e-08 2.1649e-27 2.8001e-31 3.0423e-34 9.1384e-37 1.5877e-28 4.4499e-20 1.9618e-15 1.4665e-13 1.1012e-54 6.8852e-48 1.5334e-42 6.9064e-39 3.2438e-37 4.6192e-24 1.0356e-16 2.178e-12 2.6372e-15 7.1377e-11 7.7554e-18 2.7278e-26 8.7347e-58 3.9509e-51 2.8442e-46 1.7796e-43 6.2857e-50 3.2681e-20 2.7586e-13 2.5395e-09 4.3231e-10 9.5917e-14 6.5388e-22 8.0458e-34 9.9807e-05 4.0803e-10 5.2077e-17 1.9295e-07 5.4926e-15 5.5733e-21 4.5999e-31
3.0271e-24 1.2021 1.6411e-10 1.0793e-07 4.7123e-08 2.3598e-08 3.7907e-08 8.2312e-28 1.3028e-31 1.7322e-34 6.3217e-36 8.9751e-28 2.0556e-19 7.4055e-15 4.5238e-13 1.5918e-55 1.218e-48 3.3194e-43 1.8296e-39 1.0516e-37 5.6527e-24 1.0356e-16 1.7798e-12 6.9363e-15 1.5341e-10 1.3621e-17 3.915e-26 1.2626e-58 6.989e-52 6.157e-47 4.7144e-44 2.0377e-50 2.2598e-19 1.5588e-12 1.1726e-08 1.6312e-09 2.9575e-13 1.6476e-21 1.6566e-33 9.9764e-05 3.3329e-10 3.476e-17 2.3602e-07 8.2218e-15 1.0209e-20 1.0311e-30
4.3759e-25 1.2355 2.2668e-10 7.8143e-08 1.2394e-07 4.4935e-08 5.2259e-08 3.1295e-28 6.8417e-32 1.2565e-34 4.3732e-35 4.495e-27 7.4535e-19 1.944e-14 8.5976e-13 2.301e-56 2.4319e-49 9.1545e-44 6.9695e-40 5.533e-38 7.8078e-24 1.0356e-16 1.2886e-12 1.8244e-14 2.9212e-10 1.8778e-17 3.9075e-26 1.8252e-59 1.3955e-52 1.698e-47 1.7959e-44 1.0722e-50 1.5619e-18 7.7998e-12 4.248e-08 4.2783e-09 5.6158e-13 2.2649e-21 1.6488e-33 9.9674e-05 2.4108e-10 1.8203e-17 3.2571e-07 1.5672e-14 2.6879e-20 3.7498e-30
6.3256e-26 1.2812 3.5271e-10 5.022e-08 3.2598e-07 7.5956e-08 5.6771e-08 1.1899e-28 4.0476e-32 1.1566e-34 3.0252e-34 1.9984e-26 2.1296e-18 3.5697e-14 1.0146e-12 3.3263e-57 5.4701e-50 3.204e-44 3.7955e-40 4.6885e-38 1.2149e-23 1.0356e-16 8.2813e-13 4.7984e-14 4.9378e-10 2.0399e-17 2.7281e-26 2.6385e-60 3.1389e-53 5.943e-48 9.7801e-45 9.0853e-51 1.0785e-17 3.4614e-11 1.2116e-07 7.8418e-09 6.6153e-13 1.7147e-21 8.0221e-34 9.9494e-05 1.5465e-10 7.5049e-18 5.0589e-07 3.7875e-14 1.0108e-19 2.1941e-29
9.144e-27 1.3363 6.0078e-10 2.9484e-08 8.5739e-07 1.1729e-07 5.1466e-08 4.524e-29 2.6212e-32 1.2758e-34 2.0928e-33 8.1162e-26 5.0779e-18 4.9971e-14 8.3387e-13 4.8083e-58 1.3469e-50 1.3437e-44 2.7113e-40 5.7049e-38 2.0693e-23 1.0356e-16 4.8619e-13 1.262e-13 7.6247e-10 1.8493e-17 1.452e-26 3.8141e-61 7.7286e-54 2.4924e-48 6.9865e-45 1.1055e-50 7.4344e-17 1.4008e-10 2.8786e-07 1.0939e-08 5.4175e-13 8.2441e-22 2.2644e-34 9.9141e-05 9.0474e-11 2.5776e-18 8.5863e-07 1.095e-13 4.9773e-19 1.8403e-28
1.3218e-27 1.397 1.0805e-09 1.6393e-08 2.2551e-06 1.7152e-07 4.1846e-08 1.72e-29 1.7924e-32 1.5691e-34 1.4477e-32 3.1217e-25 1.0859e-17 5.9417e-14 5.5127e-13 6.9507e-59 3.5018e-51 6.2834e-45 2.2803e-40 8.6293e-38 3.7218e-23 1.0356e-16 2.7032e-13 3.3194e-13 1.115e-09 1.5036e-17 6.564e-27 5.5135e-62 2.0094e-54 1.1655e-48 5.8758e-45 1.6722e-50 5.1079e-16 5.3512e-10 6.114e-07 1.2918e-08 3.5571e-13 3.0097e-22 4.5963e-35 9.8466e-05 4.9961e-11 7.9142e-19 1.5338e-06 3.5179e-13 2.8761e-18 1.9126e-27
1.9108e-28 1.4606 1.9988e-09 8.862e-09 5.9312e-06 2.4387e-07 3.2164e-08 6.5397e-30 1.2606e-32 2.0414e-34 1.0015e-31 1.1674e-24 2.1953e-17 6.4936e-14 3.2569e-13 1.0048e-59 9.3638e-52 3.1081e-45 2.0865e-40 1.4606e-37 6.8847e-23 1.0356e-16 1.4613e-13 8.7305e-13 1.5854e-09 1.1558e-17 2.7275e-27 7.9701e-63 5.3731e-55 5.7651e-49 5.3764e-45 2.8303e-50 3.488e-15 1.9754e-09 1.2201e-06 1.3936e-08 2.0745e-13 9.4888e-23 7.8337e-36 9.7199e-05 2.6661e-11 2.2831e-19 2.8007e-06 1.1883e-12 1.7971e-17 2.2106e-26
2.7621e-29 1.5257 3.7488e-09 4.725e-09 1.56e-05 3.4199e-07 2.4049e-08 2.4864e-30 8.9897e-33 2.7303e-34 6.9281e-31 4.3059e-24 4.3172e-17 6.8086e-14 1.8207e-13 1.4525e-60 2.5388e-52 1.5805e-45 1.99e-40 2.6127e-37 1.2913e-22 1.0356e-16 7.7915e-14 2.2962e-12 2.2232e-09 8.6414e-18 1.0873e-27 1.1521e-63 1.4568e-55 2.9316e-49 5.1277e-45 5.0628e-50 2.3552e-14 7.1117e-09 2.342e-06 1.4262e-08 1.132e-13 2.7606e-23 1.2151e-36 9.4873e-05 1.3875e-11 6.3349e-20 5.1272e-06 4.08e-12 1.1573e-16 2.67e-25
3.9929e-30 1.5914 7.0813e-09 2.5014e-09 4.103e-05 4.7619e-07 1.7728e-08 9.4535e-31 6.4562e-33 3.7039e-34 4.7927e-30 1.5769e-23 8.3704e-17 6.9885e-14 9.8938e-14 2.0996e-61 6.9322e-53 8.1518e-46 1.9387e-40 4.8082e-37 2.4391e-22 1.0356e-16 4.1248e-14 6.0395e-12 3.0957e-09 6.37e-18 4.2432e-28 1.6655e-64 3.9778e-56 1.512e-49 4.9957e-45 9.317e-50 1.5582e-13 2.491e-08 4.3428e-06 1.4001e-08 5.883e-14 7.5953e-24 1.7699e-37 9.0737e-05 7.0252e-12 1.6981e-20 9.2627e-06 1.3923e-11 7.4596e-16 3.2509e-24
5.7719e-31 1.6576 1.3431e-08 1.3188e-09 0.00010792 6.6031e-07 1.296e-08 3.5943e-31 4.6559e-33 5.0664e-34 3.3154e-29 5.7513e-23 1.6095e-16 7.0845e-14 5.2879e-14 3.0351e-62 1.9007e-53 4.2395e-46 1.9125e-40 8.9962e-37 4.6263e-22 1.0356e-16 2.1747e-14 1.5885e-11 4.2926e-09 4.6569e-18 1.6355e-28 2.4076e-65 1.0907e-56 7.8637e-50 4.9279e-45 1.7433e-49 9.9526e-13 8.3882e-08 7.71e-06 1.3105e-08 2.9031e-14 1.976e-24 2.4277e-38 8.3778e-05 3.4198e-12 4.3579e-21 1.6222e-05 4.6248e-11 4.7e-15 3.8851e-23
