$P_{O_2}$ $\mu_e$ e h $V_{O}^{\times}$ $V_{O}^{\bullet}$ $V_{O}^{\bullet\bullet}$ $O_{i}^{\times}$ $O_{i}^{'}$ $O_{i}^{''}$ $Sn_{i}^{\times}$ $Sn_{i}^{\bullet}$ $Sn_{i}^{\bullet\bullet}$ $Sn_{i}^{\bullet\bullet\bullet}$ $Sn_{i}^{\bullet\bullet\bullet\bullet}$ $V_{Sn}^{\times}$ $V_{Sn}^{'}$ $V_{Sn}^{''}$ $V_{Sn}^{'''}$ $V_{Sn}^{''''}$ $H_{i}^{'}$ $H_{i}^{\times}$ $H_{i}^{\bullet}$ $H_{O}^{\times}$ $H_{O}^{\bullet}$ $H_{O}^{\bullet\bullet}$ $H_{O}^{\bullet\bullet\bullet}$ $H_{Sn}^{\times}$ $H_{Sn}^{'}$ $H_{Sn}^{''}$ $H_{Sn}^{'''}$ $H_{Sn}^{''''}$ $Mn_{i}^{\times}$ $Mn_{i}^{\bullet}$ $Mn_{i}^{\bullet\bullet}$ $Mn_{i}^{\bullet\bullet\bullet}$ $Mn_{i}^{\bullet\bullet\bullet\bullet}$ $Mn_{i}^{\bullet\bullet\bullet\bullet\bullet}$ $Mn_{i}^{\bullet\bullet\bullet\bullet\bullet\bullet}$ $Mn_{i}^{\bullet\bullet\bullet\bullet\bullet\bullet\bullet}$ $Mn_{Sn}^{\times}$ $Mn_{Sn}^{\bullet}$ $Mn_{Sn}^{\bullet\bullet}$ $Mn_{Sn}^{\bullet\bullet\bullet}$ $Mn_{Sn}^{'}$ $Mn_{Sn}^{''}$ $Mn_{Sn}^{'''}$ $Mn_{Sn}^{''''}$
1 0.73858 1.8549e-12 9.5474e-06 8.1987e-20 3.6326e-18 5.163e-16 4.731e-16 8.4631e-22 1.2718e-26 1.9136e-59 2.4038e-49 4.8711e-39 1.5526e-32 8.3917e-29 5.2584e-32 4.5476e-27 1.4008e-23 8.7263e-22 5.6688e-22 6.3889e-26 1.0356e-16 1.5747e-10 1.2068e-26 2.3616e-20 1.8552e-25 4.7178e-32 4.1711e-35 2.6095e-30 2.5982e-27 2.2486e-26 1.0985e-34 5.1215e-37 3.2862e-29 9.5392e-24 5.4225e-22 4.3916e-27 6.0581e-34 1.9824e-41 1.9634e-50 8.906e-05 6.9641e-07 3.1256e-12 2.1716e-19 1.0244e-05 2.639e-13 1.4221e-23 3.8176e-36
0.14456 0.73858 1.8549e-12 9.5474e-06 2.1564e-19 9.5544e-18 1.3579e-15 1.7987e-16 3.2177e-22 4.8354e-27 1.3238e-58 1.6629e-48 3.3697e-38 1.0741e-31 5.8052e-28 7.6014e-33 6.5739e-28 2.0249e-24 1.2614e-22 8.1946e-23 6.3889e-26 1.0356e-16 1.5747e-10 3.1741e-26 6.2113e-20 4.8794e-25 1.2409e-31 6.0296e-36 3.7722e-31 3.7559e-28 3.2504e-27 1.5879e-35 3.5429e-36 2.2733e-28 6.5989e-23 3.7511e-21 3.038e-26 4.1908e-33 1.3714e-40 1.3582e-49 8.906e-05 6.9641e-07 3.1256e-12 2.1716e-19 1.0244e-05 2.639e-13 1.4221e-23 3.8176e-36
0.020896 0.73858 1.8549e-12 9.5474e-06 5.6716e-19 2.513e-17 3.5716e-15 6.8389e-17 1.2234e-22 1.8384e-27 9.1577e-58 1.1503e-47 2.3311e-37 7.4301e-31 4.0158e-27 1.0988e-33 9.5029e-29 2.9271e-25 1.8235e-23 1.1846e-23 6.3889e-26 1.0356e-16 1.5747e-10 8.3484e-26 1.6337e-19 1.2834e-24 3.2637e-31 8.7162e-37 5.453e-32 5.4294e-29 4.6987e-28 2.2954e-36 2.4509e-35 1.5726e-27 4.565e-22 2.5949e-20 2.1016e-25 2.8991e-32 9.4868e-40 9.3956e-49 8.906e-05 6.9641e-07 3.1256e-12 2.1716e-19 1.0244e-05 2.639e-13 1.4221e-23 3.8176e-36
0.0030207 0.73858 1.8549e-12 9.5474e-06 1.4917e-18 6.6095e-17 9.3938e-15 2.6002e-17 4.6514e-23 6.9899e-28 6.3351e-57 7.9577e-47 1.6126e-36 5.14e-30 2.7781e-26 1.5884e-34 1.3737e-29 4.2313e-26 2.636e-24 1.7124e-24 6.3889e-26 1.0356e-16 1.5747e-10 2.1958e-25 4.2968e-19 3.3754e-24 8.5839e-31 1.26e-37 7.8826e-33 7.8485e-30 6.7923e-29 3.3182e-37 1.6955e-34 1.0879e-26 3.1579e-21 1.7951e-19 1.4538e-24 2.0055e-31 6.5627e-39 6.4996e-48 8.906e-05 6.9641e-07 3.1256e-12 2.1716e-19 1.0244e-05 2.639e-13 1.4221e-23 3.8176e-36
0.00043666 0.73858 1.8549e-12 9.5474e-06 3.9235e-18 1.7384e-16 2.4707e-14 9.8861e-18 1.7685e-23 2.6576e-28 4.3824e-56 5.5049e-46 1.1155e-35 3.5557e-29 1.9218e-25 2.2962e-35 1.9858e-30 6.1167e-27 3.8105e-25 2.4754e-25 6.3889e-26 1.0356e-16 1.5747e-10 5.7752e-25 1.1301e-18 8.8779e-24 2.2577e-30 1.8214e-38 1.1395e-33 1.1346e-30 9.8187e-30 4.7966e-38 1.1729e-33 7.5258e-26 2.1846e-20 1.2418e-18 1.0057e-23 1.3874e-30 4.5399e-38 4.4963e-47 8.906e-05 6.9641e-07 3.1256e-12 2.1716e-19 1.0244e-05 2.639e-13 1.4221e-23 3.8176e-36
6.3122e-05 0.73858 1.8549e-12 9.5474e-06 1.0319e-17 4.5723e-16 6.4984e-14 3.7587e-18 6.7239e-24 1.0104e-28 3.0316e-55 3.8081e-45 7.717e-35 2.4597e-28 1.3294e-24 3.3192e-36 2.8706e-31 8.842e-28 5.5083e-26 3.5783e-26 6.3889e-26 1.0356e-16 1.5747e-10 1.519e-24 2.9724e-18 2.335e-23 5.9381e-30 2.6329e-39 1.6472e-34 1.6401e-31 1.4194e-30 6.9338e-39 8.1137e-33 5.2061e-25 1.5112e-19 8.5904e-18 6.9573e-23 9.5974e-30 3.1406e-37 3.1104e-46 8.906e-05 6.9641e-07 3.1256e-12 2.1716e-19 1.0244e-05 2.639e-13 1.4221e-23 3.8176e-36
9.1247e-06 0.73858 1.8549e-12 9.5474e-06 2.7142e-17 1.2026e-15 1.7092e-13 1.4291e-18 2.5565e-24 3.8417e-29 2.0972e-54 2.6344e-44 5.3384e-34 1.7016e-27 9.1967e-24 4.7982e-37 4.1496e-32 1.2782e-28 7.9625e-27 5.1726e-27 6.3889e-26 1.0356e-16 1.5747e-10 3.9951e-24 7.8179e-18 6.1415e-23 1.5618e-29 3.8061e-40 2.3811e-35 2.3708e-32 2.0518e-31 1.0023e-39 5.6128e-32 3.6014e-24 1.0454e-18 5.9426e-17 4.8129e-22 6.6392e-29 2.1726e-36 2.1517e-45 8.906e-05 6.9641e-07 3.1256e-12 2.1716e-19 1.0244e-05 2.639e-13 1.4221e-23 3.8176e-36
1.319e-06 0.73858 1.8549e-12 9.5474e-06 7.1387e-17 3.163e-15 4.4954e-13 5.4335e-19 9.7198e-25 1.4606e-29 1.4508e-53 1.8224e-43 3.6929e-33 1.1771e-26 6.362e-23 6.9361e-38 5.9985e-33 1.8477e-29 1.151e-27 7.4773e-28 6.3889e-26 1.0356e-16 1.5747e-10 1.0508e-23 2.0562e-17 1.6153e-22 4.1078e-29 5.5019e-41 3.442e-36 3.4272e-33 2.9659e-32 1.4489e-40 3.8828e-31 2.4914e-23 7.2319e-18 4.111e-16 3.3294e-21 4.5928e-28 1.5029e-35 1.4885e-44 8.906e-05 6.9641e-07 3.1256e-12 2.1716e-19 1.0244e-05 2.639e-13 1.4221e-23 3.8176e-36
1.9067e-07 0.73858 1.8549e-12 9.5474e-06 1.8776e-16 8.3191e-15 1.1824e-12 2.0658e-19 3.6955e-25 5.5534e-30 1.0036e-52 1.2607e-42 2.5547e-32 8.1429e-26 4.4011e-22 1.0027e-38 8.6712e-34 2.6709e-30 1.6639e-28 1.0809e-28 6.3889e-26 1.0356e-16 1.5747e-10 2.7637e-23 5.4082e-17 4.2485e-22 1.0804e-28 7.9533e-42 4.9757e-37 4.9542e-34 4.2875e-33 2.0945e-41 2.686e-30 1.7235e-22 5.0029e-17 2.8438e-15 2.3032e-20 3.1772e-27 1.0397e-34 1.0297e-43 8.906e-05 6.9641e-07 3.1256e-12 2.1716e-19 1.0244e-05 2.639e-13 1.4221e-23 3.8176e-36
2.7563e-08 0.73858 1.8549e-12 9.5474e-06 4.9383e-16 2.1881e-14 3.1098e-12 7.8544e-20 1.4051e-25 2.1114e-30 6.9427e-52 8.721e-42 1.7673e-31 5.633e-25 3.0445e-21 1.4494e-39 1.2535e-34 3.861e-31 2.4053e-29 1.5625e-29 6.3889e-26 1.0356e-16 1.5747e-10 7.269e-23 1.4224e-16 1.1174e-21 2.8417e-28 1.1497e-42 7.1926e-38 7.1616e-35 6.1978e-34 3.0278e-42 1.8581e-29 1.1922e-21 3.4608e-16 1.9673e-14 1.5933e-19 2.1979e-26 7.1922e-34 7.1231e-43 8.906e-05 6.9641e-07 3.1256e-12 2.1716e-19 1.0244e-05 2.639e-13 1.4221e-23 3.8176e-36
3.9844e-09 0.73858 1.8549e-12 9.5474e-06 1.2989e-15 5.7549e-14 8.1793e-12 2.9863e-20 5.3421e-26 8.0278e-31 4.8028e-51 6.0329e-41 1.2225e-30 3.8968e-24 2.1061e-20 2.0952e-40 1.812e-35 5.5813e-32 3.477e-30 2.2587e-30 6.3889e-26 1.0356e-16 1.5747e-10 1.9119e-22 3.7412e-16 2.939e-21 7.4741e-28 1.662e-43 1.0397e-38 1.0353e-35 8.9593e-35 4.3768e-43 1.2854e-28 8.2476e-21 2.3941e-15 1.3609e-13 1.1022e-18 1.5204e-25 4.9754e-33 4.9275e-42 8.906e-05 6.9641e-07 3.1256e-12 2.1716e-19 1.0244e-05 2.639e-13 1.4221e-23 3.8176e-36
5.7597e-10 0.73858 1.8549e-12 9.5474e-06 3.4162e-15 1.5136e-13 2.1513e-11 1.1354e-20 2.0311e-26 3.0522e-31 3.3224e-50 4.1734e-40 8.4572e-30 2.6957e-23 1.4569e-19 3.0287e-41 2.6193e-36 8.0681e-33 5.0262e-31 3.2651e-31 6.3889e-26 1.0356e-16 1.5747e-10 5.0285e-22 9.84e-16 7.73e-21 1.9658e-27 2.4025e-44 1.503e-39 1.4965e-36 1.2951e-35 6.327e-44 8.8919e-28 5.7055e-20 1.6562e-14 9.4144e-13 7.6246e-18 1.0518e-24 3.4418e-32 3.4087e-41 8.906e-05 6.9641e-07 3.1256e-12 2.1716e-19 1.0244e-05 2.639e-13 1.4221e-23 3.8176e-36
8.3261e-11 0.73858 1.8549e-12 9.5473e-06 8.9852e-15 3.9811e-13 5.6581e-11 4.3169e-21 7.7224e-27 1.1605e-31 2.2984e-49 2.887e-39 5.8504e-29 1.8648e-22 1.0079e-18 4.3782e-42 3.7864e-37 1.1663e-33 7.2658e-32 4.72e-32 6.3889e-26 1.0356e-16 1.5747e-10 1.3226e-21 2.5881e-15 2.0331e-20 5.1703e-27 3.4729e-45 2.1727e-40 2.1633e-37 1.8722e-36 9.1462e-45 6.1512e-27 3.9469e-19 1.1457e-13 6.5125e-12 5.2744e-17 7.2758e-24 2.3809e-31 2.358e-40 8.906e-05 6.964e-07 3.1256e-12 2.1716e-19 1.0244e-05 2.6391e-13 1.4221e-23 3.8177e-36
1.2036e-11 0.73858 1.8549e-12 9.5472e-06 2.3632e-14 1.0471e-12 1.4881e-10 1.6413e-21 2.9362e-27 4.4124e-32 1.59e-48 1.9971e-38 4.047e-28 1.2899e-21 6.9716e-18 6.329e-43 5.4736e-38 1.686e-34 1.0504e-32 6.8235e-33 6.389e-26 1.0356e-16 1.5747e-10 3.4786e-21 6.8069e-15 5.3472e-20 1.3598e-26 5.0203e-46 3.1408e-41 3.1273e-38 2.7065e-37 1.3222e-45 4.2552e-26 2.7303e-18 7.9253e-13 4.505e-11 3.6485e-16 5.0328e-23 1.6469e-30 1.631e-39 8.9059e-05 6.9639e-07 3.1255e-12 2.1715e-19 1.0244e-05 2.6391e-13 1.4222e-23 3.8179e-36
1.7399e-12 0.73859 1.855e-12 9.5466e-06 6.2157e-14 2.7538e-12 3.9135e-10 6.2403e-22 1.1164e-27 1.6778e-32 1.0999e-47 1.3815e-37 2.7992e-27 8.9216e-21 4.8215e-17 9.1489e-44 7.9129e-39 2.4376e-35 1.5187e-33 9.8664e-34 6.3894e-26 1.0356e-16 1.5746e-10 9.1493e-21 1.7902e-14 1.4062e-19 3.5758e-26 7.2572e-47 4.5406e-42 4.5214e-39 3.9132e-38 1.9119e-46 2.9436e-25 1.8886e-17 5.4817e-12 3.1158e-10 2.5232e-15 3.4804e-22 1.1388e-29 1.1277e-38 8.9059e-05 6.9634e-07 3.125e-12 2.171e-19 1.0245e-05 2.6395e-13 1.4224e-23 3.8189e-36
2.5151e-13 0.73862 1.8557e-12 9.5432e-06 1.6348e-13 7.2403e-12 1.0286e-09 2.3726e-22 4.2462e-28 6.3837e-33 7.6087e-47 9.5533e-37 1.9351e-26 6.1652e-20 3.3307e-16 1.3225e-44 1.1443e-39 3.5261e-36 2.1976e-34 1.4282e-34 6.3917e-26 1.0356e-16 1.574e-10 2.4064e-20 4.7069e-14 3.696e-19 9.3949e-26 1.0491e-47 6.566e-43 6.5405e-40 5.6628e-39 2.7676e-47 2.0363e-24 1.306e-16 3.7893e-11 2.1531e-09 1.743e-14 2.4033e-21 7.8611e-29 7.7821e-38 8.9056e-05 6.9607e-07 3.1227e-12 2.1687e-19 1.0248e-05 2.6412e-13 1.4239e-23 3.8241e-36
3.6357e-14 0.73884 1.8596e-12 9.5229e-06 4.2998e-13 1.9003e-11 2.6938e-09 9.0208e-23 1.6179e-28 2.4375e-33 5.2635e-46 6.5947e-36 1.3329e-25 4.2377e-19 2.2845e-15 1.9118e-45 1.6576e-40 5.119e-37 3.1972e-35 2.0823e-35 6.4053e-26 1.0356e-16 1.5707e-10 6.3292e-20 1.2353e-13 9.6796e-19 2.4553e-25 1.5165e-48 9.5118e-44 9.4951e-41 8.2384e-40 4.035e-48 1.4083e-23 9.0134e-16 2.6097e-10 1.4796e-08 1.1953e-13 1.6446e-20 5.3679e-28 5.3026e-37 8.9038e-05 6.9445e-07 3.1088e-12 2.1544e-19 1.0268e-05 2.652e-13 1.4327e-23 3.8561e-36
5.2556e-15 0.74023 1.8847e-12 9.3963e-06 1.1309e-12 4.9315e-11 6.8981e-09 3.4297e-23 6.2341e-29 9.5189e-34 3.6411e-45 4.5013e-35 8.9773e-25 2.8162e-18 1.498e-14 2.7636e-46 2.4285e-41 7.6006e-38 4.8111e-36 3.1757e-36 6.4916e-26 1.0356e-16 1.5498e-10 1.6647e-19 3.2059e-13 2.4786e-18 6.2035e-25 2.1922e-49 1.3935e-44 1.4098e-41 1.2397e-40 6.1536e-49 9.7299e-23 6.1444e-15 1.7553e-09 9.8202e-08 7.8274e-13 1.0627e-19 3.4224e-27 3.3358e-36 8.8923e-05 6.8433e-07 3.0228e-12 2.0669e-19 1.0393e-05 2.7204e-13 1.4895e-23 4.0629e-36
7.5973e-16 0.74755 2.023e-12 8.7541e-06 2.9745e-12 1.2084e-10 1.5747e-08 1.304e-23 2.5442e-29 4.1697e-34 2.5188e-44 2.901e-34 5.3902e-24 1.5753e-17 7.8066e-14 3.995e-47 3.7681e-42 1.2659e-38 8.6008e-37 6.0937e-37 6.968e-26 1.0356e-16 1.4439e-10 4.3784e-19 7.8557e-13 5.6584e-18 1.3194e-24 3.169e-50 2.1622e-45 2.348e-42 2.2162e-41 1.1808e-49 6.6831e-22 3.9318e-14 1.0465e-08 5.4541e-07 4.0502e-12 5.1227e-19 1.537e-26 1.3957e-35 8.8291e-05 6.3302e-07 2.605e-12 1.6595e-19 1.1076e-05 3.112e-13 1.829e-23 5.3549e-36
1.0982e-16 0.77007 2.5151e-12 7.0415e-06 7.8234e-12 2.5564e-10 2.6795e-08 4.9579e-24 1.2026e-29 2.4505e-34 1.7425e-43 1.6142e-33 2.4123e-23 5.6705e-17 2.2602e-13 5.775e-48 6.7722e-43 2.8285e-39 2.3893e-37 2.1047e-37 8.6631e-26 1.0356e-16 1.1613e-10 1.1516e-18 1.6619e-12 9.628e-18 1.8057e-24 4.5809e-51 3.886e-46 5.2466e-43 6.1568e-42 4.0784e-50 4.5073e-21 2.1329e-13 4.5659e-08 1.9141e-06 1.1433e-11 1.1631e-18 2.8068e-26 2.05e-35 8.6078e-05 4.9639e-07 1.643e-12 8.4187e-20 1.3425e-05 4.6898e-13 3.4268e-23 1.2474e-35
1.5876e-17 0.80756 3.6142e-12 4.9004e-06 2.0577e-11 4.679e-10 3.413e-08 1.885e-24 6.5705e-30 1.9239e-34 1.2054e-42 7.7707e-33 8.0816e-23 1.322e-16 3.667e-13 8.3481e-49 1.4068e-43 8.4431e-40 1.0249e-37 1.2973e-37 1.2449e-25 1.0356e-16 8.0818e-11 3.0288e-18 3.0418e-12 1.2264e-17 1.6006e-24 6.622e-52 8.0722e-47 1.5661e-43 2.6408e-42 2.5138e-50 2.9494e-20 9.7126e-13 1.4469e-07 4.2212e-06 1.7545e-11 1.2421e-18 2.0861e-26 1.0603e-35 8.1424e-05 3.2676e-07 7.5267e-13 2.6838e-20 1.8249e-05 9.1605e-13 9.6183e-23 5.0311e-35
2.2949e-18 0.85272 5.5934e-12 3.1666e-06 5.412e-11 7.9519e-10 3.7478e-08 7.167e-25 3.8662e-30 1.752e-34 8.3385e-42 3.4734e-32 2.3341e-22 2.4672e-16 4.4219e-13 1.2068e-49 3.1472e-44 2.9233e-40 5.4917e-38 1.0758e-37 1.9266e-25 1.0356e-16 5.2221e-11 7.9663e-18 5.1695e-12 1.3467e-17 1.1357e-24 9.5725e-53 1.8059e-47 5.4223e-44 1.4151e-42 2.0846e-50 1.8569e-19 3.9511e-12 3.8034e-07 7.1695e-06 1.9255e-11 8.8083e-19 9.5583e-27 3.1392e-36 7.4104e-05 1.9216e-07 2.86e-13 6.5893e-21 2.5704e-05 1.9968e-12 3.2448e-22 2.6267e-34
3.3175e-19 0.90115 8.9351e-12 1.9823e-06 1.4234e-10 1.3093e-09 3.8629e-08 2.7249e-25 2.3481e-30 1.6998e-34 5.7684e-41 1.5042e-31 6.3277e-22 4.187e-16 4.6978e-13 1.7445e-50 7.2674e-45 1.0783e-40 3.236e-38 1.0126e-37 3.0776e-25 1.0356e-16 3.269e-11 2.0953e-17 8.5115e-12 1.3881e-17 7.3278e-25 1.3838e-53 4.1702e-48 2.0002e-44 8.3383e-43 1.9622e-50 1.1143e-18 1.4842e-11 8.9437e-07 1.0554e-05 1.7744e-11 5.0813e-19 3.4518e-27 7.0968e-37 6.4279e-05 1.0434e-07 9.7218e-14 1.4022e-21 3.5616e-05 4.4199e-12 1.1473e-21 1.4836e-33
4.7956e-20 0.95113 1.4487e-11 1.2227e-06 3.7439e-10 2.1239e-09 3.8648e-08 1.036e-25 1.4475e-30 1.699e-34 3.9904e-40 6.4177e-31 1.6651e-21 6.7953e-16 4.7023e-13 2.5217e-51 1.7033e-45 4.0979e-41 1.9939e-38 1.0116e-37 4.99e-25 1.0356e-16 2.0162e-11 5.5109e-17 1.3807e-11 1.3887e-17 4.5217e-25 2.0003e-54 9.7741e-49 7.601e-45 5.1377e-43 1.9603e-50 6.3134e-18 5.1866e-11 1.9276e-06 1.4029e-05 1.4548e-11 2.5694e-19 1.0765e-27 1.365e-37 5.2649e-05 5.271e-08 3.029e-14 2.6944e-22 4.7299e-05 9.5169e-12 4.0054e-21 8.3982e-33
6.9323e-21 1.0021 2.3716e-11 7.4689e-07 9.847e-10 3.4124e-09 3.7932e-08 3.939e-26 9.0094e-31 1.731e-34 2.7605e-39 2.712e-30 4.2983e-21 1.0715e-15 4.5296e-13 3.6453e-52 4.0308e-46 1.5875e-41 1.2644e-38 1.0502e-37 8.1687e-25 1.0356e-16 1.2316e-11 1.4494e-16 2.2184e-11 1.363e-17 2.7109e-25 2.8916e-55 2.3129e-49 2.9445e-45 3.2581e-43 2.0351e-50 3.3567e-17 1.6846e-10 3.8245e-06 1.7003e-05 1.0771e-11 1.162e-19 2.9741e-28 2.3037e-38 4.0465e-05 2.4748e-08 8.6872e-15 4.7206e-23 5.951e-05 1.9602e-11 1.3505e-20 4.6354e-32
1.0021e-21 1.054 3.9189e-11 4.5199e-07 2.5899e-09 5.4314e-09 3.6537e-08 1.4976e-26 5.6603e-31 1.7971e-34 1.9096e-38 1.1353e-29 1.089e-20 1.6428e-15 4.2027e-13 5.2695e-53 9.6284e-47 6.266e-42 8.2472e-39 1.1319e-37 1.3498e-24 1.0356e-16 7.4534e-12 3.8123e-16 3.5309e-11 1.3129e-17 1.5803e-25 4.18e-56 5.5249e-50 1.1623e-45 2.1251e-43 2.1934e-50 1.6728e-16 5.0802e-10 6.9798e-06 1.8779e-05 7.1987e-12 4.7002e-20 7.2798e-29 3.4125e-39 2.915e-05 1.0789e-08 2.2918e-15 7.5367e-24 7.0839e-05 3.8557e-11 4.3897e-20 2.4897e-31
1.4486e-22 1.1072 6.5524e-11 2.7033e-07 6.8119e-09 8.5439e-09 3.4375e-08 5.6941e-27 3.5983e-31 1.9102e-34 1.321e-37 4.6974e-29 2.6946e-20 2.4314e-15 3.72e-13 7.6175e-54 2.3272e-47 2.5322e-42 5.5725e-39 1.2788e-37 2.2569e-24 1.0356e-16 4.4578e-12 1.0027e-15 5.5543e-11 1.2352e-17 8.892e-26 6.0424e-57 1.3354e-50 4.6969e-46 1.4359e-43 2.478e-50 7.84e-16 1.424e-09 1.1702e-05 1.883e-05 4.317e-12 1.6858e-20 1.5616e-29 4.3782e-40 1.9749e-05 4.3716e-09 5.5542e-16 1.0924e-24 8.0246e-05 7.3028e-11 1.3901e-19 1.3183e-30
2.0941e-23 1.162 1.1128e-10 1.5918e-07 1.7916e-08 1.3232e-08 3.1347e-08 2.1649e-27 2.3234e-31 2.0947e-34 9.1384e-37 1.9134e-28 6.4629e-20 3.4337e-15 3.0934e-13 1.1012e-54 5.7132e-48 1.0558e-42 3.9459e-39 1.5378e-37 3.8329e-24 1.0356e-16 2.6248e-12 2.6372e-15 8.6019e-11 1.1264e-17 4.7745e-26 8.7347e-58 3.2784e-51 1.9583e-46 1.0168e-43 2.9799e-50 3.4758e-15 3.7174e-09 1.7987e-05 1.7043e-05 2.3007e-12 5.29e-21 2.8854e-30 4.7633e-41 1.2657e-05 1.6497e-09 1.2341e-16 1.4292e-25 8.7341e-05 1.3499e-10 4.364e-19 7.0284e-30
3.0271e-24 1.2188 1.9275e-10 9.1897e-08 4.7123e-08 2.0092e-08 2.7479e-08 8.2312e-28 1.5302e-31 2.3895e-34 6.3217e-36 7.6415e-28 1.4901e-19 4.5706e-15 2.3772e-13 1.5918e-55 1.4305e-48 4.579e-43 2.9643e-39 2.0011e-37 6.6392e-24 1.0356e-16 1.5154e-12 6.9363e-15 1.3062e-10 9.874e-18 2.4163e-26 1.2626e-58 8.2087e-52 8.4935e-47 7.6384e-44 3.8777e-50 1.4666e-14 9.0557e-09 2.5296e-05 1.3837e-05 1.0784e-12 1.4315e-21 4.5079e-31 4.2962e-42 7.7201e-06 5.8092e-10 2.509e-17 1.6775e-26 9.2279e-05 2.4704e-10 1.3834e-18 3.8591e-29
4.3759e-25 1.2779 3.4143e-10 5.1879e-08 1.2394e-07 2.9833e-08 2.3034e-08 3.1295e-28 1.0305e-31 2.8506e-34 4.3732e-35 2.9843e-27 3.2853e-19 5.6888e-15 1.6703e-13 2.301e-56 3.6631e-49 2.0769e-43 2.3817e-39 2.848e-37 1.176e-23 1.0356e-16 8.5549e-13 1.8244e-14 1.9394e-10 8.2768e-18 1.1435e-26 1.8252e-59 2.1019e-52 3.8524e-47 6.137e-44 5.5187e-50 5.9269e-14 2.066e-08 3.258e-05 1.0061e-05 4.4266e-13 3.3173e-22 5.8972e-32 3.1729e-43 4.5099e-06 1.9158e-10 4.6712e-18 1.7631e-27 9.5489e-05 4.5282e-10 4.4916e-18 2.2195e-28
6.3256e-26 1.3393 6.1825e-10 2.8651e-08 3.2598e-07 4.3333e-08 1.8477e-08 1.1899e-28 7.0948e-32 3.5537e-34 3.0252e-34 1.1401e-26 6.9313e-19 6.6282e-15 1.0748e-13 3.3263e-57 9.5883e-50 9.8443e-44 2.0441e-39 4.4261e-37 2.1295e-23 1.0356e-16 4.7245e-13 4.7984e-14 2.817e-10 6.6393e-18 5.0654e-27 2.6385e-60 5.502e-53 1.826e-47 5.2672e-44 8.5767e-50 2.3109e-13 4.4486e-08 3.8742e-05 6.6071e-06 1.6054e-13 6.6441e-23 6.5228e-33 1.9381e-44 2.542e-06 5.9634e-11 8.0298e-19 1.6738e-28 9.7457e-05 8.3685e-10 1.5031e-17 1.3449e-27
9.144e-27 1.4026 1.1404e-09 1.5533e-08 8.5739e-07 6.1791e-08 1.4285e-08 4.524e-29 4.9754e-32 4.5967e-34 2.0928e-33 4.2759e-26 1.4094e-18 7.307e-15 6.4237e-14 4.8083e-58 2.5565e-50 4.8414e-44 1.8542e-39 7.4055e-37 3.9279e-23 1.0356e-16 2.5614e-13 1.262e-13 4.017e-10 5.1328e-18 2.1231e-27 3.8141e-61 1.467e-53 8.9801e-48 4.7779e-44 1.435e-49 8.7692e-13 9.1521e-08 4.3212e-05 3.9954e-06 5.2633e-14 1.181e-23 6.2858e-34 1.0126e-45 1.3944e-06 1.7735e-11 1.2947e-19 1.4631e-29 9.8604e-05 1.5617e-09 5.1738e-17 8.539e-27
1.3218e-27 1.4673 2.1317e-09 8.3094e-09 2.2551e-06 8.6939e-08 1.0752e-08 1.72e-29 3.5362e-32 6.1072e-34 1.4477e-32 1.5823e-25 2.7901e-18 7.7382e-15 3.6391e-14 6.9507e-59 6.9084e-51 2.4456e-44 1.7509e-39 1.3072e-36 7.3425e-23 1.0356e-16 1.3702e-13 3.3194e-13 5.6519e-10 3.8633e-18 8.5486e-28 5.5135e-62 3.9642e-54 4.5362e-48 4.5117e-44 2.533e-49 3.2663e-12 1.8236e-07 4.606e-05 2.2782e-06 1.6055e-14 1.927e-24 5.4869e-35 4.7284e-47 7.5077e-07 5.1082e-12 1.9949e-20 1.206e-30 9.9246e-05 2.9384e-09 1.8197e-16 5.6142e-26
1.9108e-28 1.5329 4.0199e-09 4.4064e-09 5.9312e-06 1.2126e-07 7.9519e-09 6.5397e-30 2.5354e-32 8.2574e-34 1.0015e-31 5.8046e-25 5.4275e-18 7.9823e-15 1.9907e-14 1.0048e-59 1.8832e-51 1.2572e-44 1.6974e-39 2.3897e-36 1.3846e-22 1.0356e-16 7.266e-14 8.7305e-13 7.8828e-10 2.8573e-18 3.3528e-28 7.9701e-63 1.0806e-54 2.3319e-48 4.3737e-44 4.6307e-49 1.2024e-11 3.5599e-07 4.768e-05 1.2506e-06 4.6734e-15 2.9746e-25 4.4913e-36 2.0524e-48 3.9952e-07 1.4415e-12 2.9852e-21 9.5699e-32 9.9595e-05 5.5606e-09 6.494e-16 3.7782e-25
2.7621e-29 1.599 7.6228e-09 2.3237e-09 1.56e-05 1.6819e-07 5.8165e-09 2.4864e-30 1.8279e-32 1.1289e-33 6.9281e-31 2.1176e-24 1.0442e-17 8.0985e-15 1.0651e-14 1.4525e-60 5.1622e-52 6.5347e-45 1.673e-39 4.4664e-36 2.6256e-22 1.0356e-16 3.8318e-14 2.2962e-12 1.0934e-09 2.09e-18 1.2933e-28 1.1521e-63 2.9622e-55 1.2121e-48 4.3109e-44 8.6549e-49 4.3946e-11 6.8613e-07 4.8463e-05 6.7034e-07 1.321e-15 4.4342e-26 3.5308e-37 8.5088e-50 2.1108e-07 4.0162e-13 4.3861e-22 7.4152e-33 9.9778e-05 1.0564e-08 2.3394e-15 2.5809e-24
3.9929e-30 1.6656 1.451e-08 1.2208e-09 4.103e-05 2.3239e-07 4.2222e-09 9.4535e-31 1.3229e-32 1.5551e-33 4.7927e-30 7.6958e-24 1.9936e-17 8.123e-15 5.6123e-15 2.0996e-61 1.4204e-52 3.4227e-45 1.668e-39 8.4762e-36 4.9978e-22 1.0356e-16 2.013e-14 6.0395e-12 1.5108e-09 1.5172e-18 4.9321e-29 1.6655e-64 8.1508e-56 6.3486e-49 4.2979e-44 1.6425e-48 1.5985e-10 1.3112e-06 4.8654e-05 3.5355e-07 3.6603e-16 6.4547e-27 2.7001e-38 3.4184e-51 1.1099e-07 1.1095e-13 6.3654e-23 5.6535e-34 9.9869e-05 2.0126e-08 8.4839e-15 1.7816e-23
5.7719e-31 1.7325 2.7714e-08 6.3915e-10 0.00010792 3.2002e-07 3.0441e-09 3.5943e-31 9.6069e-33 2.157e-33 3.3154e-29 2.7873e-23 3.7803e-17 8.0645e-15 2.9172e-15 3.0351e-62 3.9219e-53 1.805e-45 1.6801e-39 1.6307e-35 9.5459e-22 1.0356e-16 1.0539e-14 1.5885e-11 2.0804e-09 1.0938e-18 1.8617e-29 2.4076e-65 2.2505e-56 3.348e-49 4.3291e-44 3.1599e-48 5.7916e-10 2.4872e-06 4.832e-05 1.8383e-07 9.9647e-17 9.1998e-28 2.0149e-39 1.3356e-52 5.813e-08 3.0422e-14 9.1384e-24 4.2494e-35 9.9903e-05 3.8455e-08 3.0961e-14 1.2419e-22
