$P_{O_2}$ $\mu_e$ e h $V_{O}^{\times}$ $V_{O}^{\bullet}$ $V_{O}^{\bullet\bullet}$ $O_{i}^{\times}$ $O_{i}^{'}$ $O_{i}^{''}$ $Sn_{i}^{\times}$ $Sn_{i}^{\bullet}$ $Sn_{i}^{\bullet\bullet}$ $Sn_{i}^{\bullet\bullet\bullet}$ $Sn_{i}^{\bullet\bullet\bullet\bullet}$ $V_{Sn}^{\times}$ $V_{Sn}^{'}$ $V_{Sn}^{''}$ $V_{Sn}^{'''}$ $V_{Sn}^{''''}$ $H_{i}^{'}$ $H_{i}^{\times}$ $H_{i}^{\bullet}$ $H_{O}^{\times}$ $H_{O}^{\bullet}$ $H_{O}^{\bullet\bullet}$ $H_{O}^{\bullet\bullet\bullet}$ $H_{Sn}^{\times}$ $H_{Sn}^{'}$ $H_{Sn}^{''}$ $H_{Sn}^{'''}$ $H_{Sn}^{''''}$ $Ti_{i}^{\times}$ $Ti_{i}^{\bullet}$ $Ti_{i}^{\bullet\bullet}$ $Ti_{i}^{\bullet\bullet\bullet}$ $Ti_{i}^{\bullet\bullet\bullet\bullet}$ $Ti_{Sn}^{\times}$ $Ti_{Sn}^{'}$ $Ti_{Sn}^{''}$ $Ti_{Sn}^{'''}$ $Ti_{Sn}^{''''}$
1 1.2233 2.0138e-10 8.7959e-08 8.1987e-20 3.3459e-20 4.3801e-20 4.731e-16 9.1884e-20 1.4991e-22 1.9136e-59 2.2141e-51 4.1325e-43 1.2132e-38 6.0398e-37 5.2584e-32 4.9373e-25 1.6511e-19 1.1167e-15 7.8763e-14 6.9364e-24 1.0356e-16 1.4504e-12 1.2068e-26 2.1752e-22 1.5739e-29 3.6865e-38 4.1711e-35 2.8331e-28 3.0626e-23 2.8776e-20 1.5262e-26 4.0342e-54 9.4003e-47 8.5971e-42 2.2927e-39 4.1772e-38 0.0099999 8.7759e-08 1.2792e-15 1.7188e-25 2.209e-37
0.14456 1.2233 2.0138e-10 8.7959e-08 2.1564e-19 8.8003e-20 1.152e-19 1.7987e-16 3.4935e-20 5.6997e-23 1.3238e-58 1.5316e-50 2.8588e-42 8.3928e-38 4.1781e-36 7.6014e-33 7.1372e-26 2.3868e-20 1.6143e-16 1.1386e-14 6.9364e-24 1.0356e-16 1.4504e-12 3.1741e-26 5.721e-22 4.1395e-29 9.6961e-38 6.0296e-36 4.0955e-29 4.4272e-24 4.1598e-21 2.2063e-27 2.7907e-53 6.5029e-46 5.9472e-41 1.586e-38 2.8896e-37 0.0099999 8.7759e-08 1.2792e-15 1.7188e-25 2.209e-37
0.020896 1.2233 2.0138e-10 8.7959e-08 5.6716e-19 2.3146e-19 3.03e-19 6.8389e-17 1.3282e-20 2.167e-23 9.1577e-58 1.0595e-49 1.9776e-41 5.8059e-37 2.8903e-35 1.0988e-33 1.0317e-26 3.4503e-21 2.3336e-17 1.6459e-15 6.9364e-24 1.0356e-16 1.4504e-12 8.3484e-26 1.5047e-21 1.0888e-28 2.5502e-37 8.7162e-37 5.9203e-30 6.3998e-25 6.0132e-22 3.1893e-28 1.9306e-52 4.4985e-45 4.1141e-40 1.0971e-37 1.999e-36 0.0099999 8.7759e-08 1.2792e-15 1.7188e-25 2.209e-37
0.0030207 1.2233 2.0138e-10 8.7959e-08 1.4917e-18 6.0878e-19 7.9694e-19 2.6002e-17 5.05e-21 8.2392e-24 6.3351e-57 7.3295e-49 1.3681e-40 4.0164e-36 1.9994e-34 1.5884e-34 1.4914e-27 4.9876e-22 3.3734e-18 2.3792e-16 6.9364e-24 1.0356e-16 1.4504e-12 2.1958e-25 3.9576e-21 2.8636e-28 6.7075e-37 1.26e-37 8.5581e-31 9.2514e-26 8.6925e-23 4.6104e-29 1.3355e-51 3.1119e-44 2.846e-39 7.5897e-37 1.3828e-35 0.0099999 8.7759e-08 1.2792e-15 1.7188e-25 2.209e-37
0.00043666 1.2233 2.0138e-10 8.7959e-08 3.9235e-18 1.6012e-18 2.0961e-18 9.8861e-18 1.9201e-21 3.1326e-24 4.3824e-56 5.0704e-48 9.4638e-40 2.7784e-35 1.3832e-33 2.2962e-35 2.156e-28 7.2099e-23 4.8765e-19 3.4393e-17 6.9364e-24 1.0356e-16 1.4504e-12 5.7752e-25 1.0409e-20 7.5317e-28 1.7642e-36 1.8214e-38 1.2371e-31 1.3373e-26 1.2565e-23 6.6646e-30 9.2387e-51 2.1528e-43 1.9688e-38 5.2504e-36 9.5661e-35 0.0099999 8.7759e-08 1.2792e-15 1.7188e-25 2.209e-37
6.3122e-05 1.2233 2.0138e-10 8.7959e-08 1.0319e-17 4.2114e-18 5.513e-18 3.7587e-18 7.3001e-22 1.191e-24 3.0316e-55 3.5075e-47 6.5468e-39 1.922e-34 9.5683e-33 3.3192e-36 3.1166e-29 1.0422e-23 7.0492e-20 4.9717e-18 6.9364e-24 1.0356e-16 1.4504e-12 1.519e-24 2.7378e-20 1.981e-27 4.6401e-36 2.6329e-39 1.7883e-32 1.9332e-27 1.8164e-24 9.634e-31 6.3911e-50 1.4892e-42 1.362e-37 3.6321e-35 6.6176e-34 0.0099999 8.7759e-08 1.2792e-15 1.7188e-25 2.209e-37
9.1247e-06 1.2233 2.0138e-10 8.7959e-08 2.7142e-17 1.1077e-17 1.45e-17 1.4291e-18 2.7756e-22 4.5284e-25 2.0972e-54 2.4264e-46 4.5289e-38 1.3296e-33 6.6191e-32 4.7982e-37 4.5052e-30 1.5066e-24 1.019e-20 7.1869e-19 6.9364e-24 1.0356e-16 1.4504e-12 3.9951e-24 7.2008e-20 5.2102e-27 1.2204e-35 3.8061e-40 2.5852e-33 2.7946e-28 2.6257e-25 1.3927e-31 4.4212e-49 1.0302e-41 9.4218e-37 2.5126e-34 4.5778e-33 0.0099999 8.7759e-08 1.2792e-15 1.7188e-25 2.209e-37
1.319e-06 1.2233 2.0138e-10 8.7959e-08 7.1387e-17 2.9133e-17 3.8138e-17 5.4335e-19 1.0553e-22 1.7217e-25 1.4508e-53 1.6785e-45 3.133e-37 9.1979e-33 4.5789e-31 6.9361e-38 6.5125e-31 2.1779e-25 1.473e-21 1.0389e-19 6.9364e-24 1.0356e-16 1.4504e-12 1.0508e-23 1.8939e-19 1.3704e-26 3.2099e-35 5.5019e-41 3.737e-34 4.0397e-29 3.7957e-26 2.0132e-32 3.0584e-48 7.1266e-41 6.5177e-36 1.7381e-33 3.1668e-32 0.0099999 8.7759e-08 1.2792e-15 1.7188e-25 2.209e-37
1.9067e-07 1.2233 2.0138e-10 8.7959e-08 1.8776e-16 7.6624e-17 1.0031e-16 2.0658e-19 4.0122e-23 6.546e-26 1.0036e-52 1.1612e-44 2.1673e-36 6.3628e-32 3.1675e-30 1.0027e-38 9.4143e-32 3.1483e-26 2.1294e-22 1.5018e-20 6.9364e-24 1.0356e-16 1.4504e-12 2.7637e-23 4.9813e-19 3.6043e-26 8.4425e-35 7.9533e-42 5.4021e-35 5.8397e-30 5.4869e-27 2.9102e-33 2.1157e-47 4.93e-40 4.5088e-35 1.2024e-32 2.1907e-31 0.0099999 8.7759e-08 1.2792e-15 1.7188e-25 2.209e-37
2.7563e-08 1.2233 2.0138e-10 8.7959e-08 4.9383e-16 2.0153e-16 2.6383e-16 7.8544e-20 1.5255e-23 2.4888e-26 6.9427e-52 8.0326e-44 1.4993e-35 4.4016e-31 2.1912e-29 1.4494e-39 1.3609e-32 4.5511e-27 3.0781e-23 2.171e-21 6.9364e-24 1.0356e-16 1.4504e-12 7.269e-23 1.3102e-18 9.4799e-26 2.2205e-34 1.1497e-42 7.809e-36 8.4416e-31 7.9316e-28 4.2068e-34 1.4636e-46 3.4105e-39 3.119e-34 8.3178e-32 1.5155e-30 0.0099999 8.7759e-08 1.2792e-15 1.7188e-25 2.209e-37
3.9844e-09 1.2233 2.0138e-10 8.7959e-08 1.2989e-15 5.3007e-16 6.939e-16 2.9863e-20 5.7999e-24 9.4627e-27 4.8028e-51 5.5567e-43 1.0372e-34 3.0449e-30 1.5158e-28 2.0952e-40 1.9673e-33 6.5789e-28 4.4496e-24 3.1383e-22 6.9364e-24 1.0356e-16 1.4504e-12 1.9119e-22 3.4459e-18 2.4934e-25 5.8403e-34 1.662e-43 1.1288e-36 1.2203e-31 1.1466e-28 6.0812e-35 1.0125e-45 2.3593e-38 2.1577e-33 5.754e-31 1.0484e-29 0.0099999 8.7759e-08 1.2792e-15 1.7188e-25 2.209e-37
5.7597e-10 1.2233 2.0138e-10 8.7959e-08 3.4162e-15 1.3942e-15 1.8251e-15 1.1354e-20 2.2052e-24 3.5978e-27 3.3224e-50 3.844e-42 7.1748e-34 2.1064e-29 1.0486e-27 3.0287e-41 2.8438e-34 9.5102e-29 6.4322e-25 4.5366e-23 6.9364e-24 1.0356e-16 1.4504e-12 5.0285e-22 9.0633e-18 6.5579e-25 1.5361e-33 2.4025e-44 1.6318e-37 1.764e-32 1.6574e-29 8.7908e-36 7.0041e-45 1.6321e-37 1.4926e-32 3.9805e-30 7.2523e-29 0.0099999 8.7759e-08 1.2792e-15 1.7188e-25 2.209e-37
8.3261e-11 1.2233 2.0138e-10 8.7959e-08 8.9852e-15 3.6669e-15 4.8002e-15 4.3169e-21 8.3842e-25 1.3679e-27 2.2984e-49 2.6592e-41 4.9633e-33 1.4572e-28 7.254e-27 4.3782e-42 4.1109e-35 1.3748e-29 9.2982e-26 6.5579e-24 6.9364e-24 1.0356e-16 1.4504e-12 1.3226e-21 2.3838e-17 1.7248e-24 4.0401e-33 3.4729e-45 2.3589e-38 2.55e-33 2.3959e-30 1.2708e-36 4.8452e-44 1.129e-36 1.0326e-31 2.7536e-29 5.017e-28 0.0099999 8.7759e-08 1.2792e-15 1.7188e-25 2.209e-37
1.2036e-11 1.2233 2.0138e-10 8.7959e-08 2.3632e-14 9.6444e-15 1.2625e-14 1.6413e-21 3.1877e-25 5.2008e-28 1.59e-48 1.8395e-40 3.4335e-32 1.008e-27 5.0181e-26 6.329e-43 5.9425e-36 1.9873e-30 1.3441e-26 9.4799e-25 6.9364e-24 1.0356e-16 1.4504e-12 3.4786e-21 6.2698e-17 4.5366e-24 1.0626e-32 5.0203e-46 3.4099e-39 3.6862e-34 3.4635e-31 1.837e-37 3.3518e-43 7.8103e-36 7.1429e-31 1.9048e-28 3.4706e-27 0.0099999 8.7759e-08 1.2792e-15 1.7188e-25 2.209e-37
1.7399e-12 1.2233 2.0138e-10 8.7959e-08 6.2157e-14 2.5366e-14 3.3207e-14 6.2403e-22 1.212e-25 1.9774e-28 1.0999e-47 1.2725e-39 2.3752e-31 6.9732e-27 3.4714e-25 9.1489e-44 8.5903e-37 2.8728e-31 1.943e-27 1.3704e-25 6.9364e-24 1.0356e-16 1.4504e-12 9.1493e-21 1.649e-16 1.1932e-23 2.7948e-32 7.2572e-47 4.9293e-40 5.3286e-35 5.0066e-32 2.6555e-38 2.3187e-42 5.4029e-35 4.9413e-30 1.3177e-27 2.4009e-26 0.0099999 8.7759e-08 1.2792e-15 1.7188e-25 2.209e-37
2.5151e-13 1.2233 2.0138e-10 8.7959e-08 1.6348e-13 6.6717e-14 8.7338e-14 2.3726e-22 4.608e-26 7.5181e-29 7.6087e-47 8.8031e-39 1.6431e-30 4.8238e-26 2.4014e-24 1.3225e-44 1.2418e-37 4.1527e-32 2.8087e-28 1.981e-26 6.9364e-24 1.0356e-16 1.4504e-12 2.4064e-20 4.3372e-16 3.1383e-23 7.3509e-32 1.0491e-47 7.1255e-41 7.7028e-36 7.2374e-33 3.8386e-39 1.604e-41 3.7376e-34 3.4182e-29 9.1156e-27 1.6608e-25 0.0099999 8.7759e-08 1.2792e-15 1.7188e-25 2.209e-37
3.6357e-14 1.2233 2.0138e-10 8.7959e-08 4.2998e-13 1.7548e-13 2.2971e-13 9.0208e-23 1.752e-26 2.8584e-29 5.2635e-46 6.0897e-38 1.1366e-29 3.337e-25 1.6612e-23 1.9118e-45 1.7951e-38 6.0031e-33 4.0602e-29 2.8636e-27 6.9364e-24 1.0356e-16 1.4504e-12 6.3292e-20 1.1408e-15 8.2541e-23 1.9334e-31 1.5165e-48 1.03e-41 1.1135e-36 1.0462e-33 5.549e-40 1.1096e-40 2.5856e-33 2.3646e-28 6.3059e-26 1.1489e-24 0.0099999 8.776e-08 1.2792e-15 1.7188e-25 2.209e-37
5.2556e-15 1.2233 2.0138e-10 8.7958e-08 1.1309e-12 4.6153e-13 6.0417e-13 3.4297e-23 6.6612e-27 1.0868e-29 3.6411e-45 4.2127e-37 7.8629e-29 2.3084e-24 1.1491e-22 2.7636e-46 2.5949e-39 8.6779e-34 5.8694e-30 4.1397e-28 6.9364e-24 1.0356e-16 1.4504e-12 1.6647e-19 3.0004e-15 2.1709e-22 5.085e-31 2.1922e-49 1.489e-42 1.6096e-37 1.5124e-34 8.0217e-41 7.6759e-40 1.7886e-32 1.6358e-27 4.3622e-25 7.9477e-24 0.0099999 8.776e-08 1.2792e-15 1.7188e-25 2.2091e-37
7.5973e-16 1.2233 2.0139e-10 8.7957e-08 2.9745e-12 1.2139e-12 1.589e-12 1.304e-23 2.5327e-27 4.1322e-30 2.5188e-44 2.9142e-36 5.4392e-28 1.5968e-23 7.949e-22 3.995e-47 3.7511e-40 1.2545e-34 8.485e-31 5.9845e-29 6.9366e-24 1.0356e-16 1.4504e-12 4.3784e-19 7.8913e-15 5.7097e-22 1.3374e-30 3.169e-50 2.1525e-43 2.3269e-38 2.1864e-35 1.1597e-41 5.31e-39 1.2373e-31 1.1315e-26 3.0175e-24 5.4977e-23 0.0099999 8.7761e-08 1.2792e-15 1.7189e-25 2.2092e-37
1.0982e-16 1.2233 2.0139e-10 8.7953e-08 7.8234e-12 3.1925e-12 4.179e-12 4.9579e-24 9.6298e-28 1.5712e-30 1.7425e-43 2.0159e-35 3.7623e-27 1.1045e-22 5.498e-21 5.775e-48 5.4227e-41 1.8136e-35 1.2267e-31 8.6524e-30 6.9368e-24 1.0356e-16 1.4503e-12 1.1516e-18 2.0755e-14 1.5016e-21 3.5171e-30 4.5809e-51 3.1117e-44 3.364e-39 3.1609e-36 1.6766e-42 3.6733e-38 8.5589e-31 7.827e-26 2.0872e-23 3.8025e-22 0.0099999 8.7765e-08 1.2793e-15 1.7191e-25 2.2095e-37
1.5876e-17 1.2233 2.0142e-10 8.7944e-08 2.0577e-11 8.396e-12 1.0989e-11 1.885e-24 3.6617e-28 5.9751e-31 1.2054e-42 1.3944e-34 2.6021e-26 7.6381e-22 3.8017e-20 8.3481e-49 7.8397e-42 2.6222e-36 1.7738e-32 1.2513e-30 6.9376e-24 1.0356e-16 1.4502e-12 3.0288e-18 5.4582e-14 3.9487e-21 9.2475e-30 6.622e-52 4.4986e-45 4.8638e-40 4.5708e-37 2.4247e-43 2.5411e-37 5.9202e-30 5.4134e-25 1.4434e-22 2.6293e-21 0.0099999 8.7774e-08 1.2796e-15 1.7197e-25 2.2105e-37
2.2949e-18 1.2233 2.0147e-10 8.7919e-08 5.412e-11 2.2077e-11 2.8887e-11 7.167e-25 1.3926e-28 2.2731e-31 8.3385e-42 9.6432e-34 1.7991e-25 5.2794e-21 2.627e-19 1.2068e-49 1.1336e-42 3.7927e-37 2.5664e-33 1.8109e-31 6.9395e-24 1.0356e-16 1.4498e-12 7.9663e-18 1.4352e-13 1.038e-20 2.4302e-29 9.5725e-53 6.5048e-46 7.035e-41 6.6129e-38 3.509e-44 1.7579e-36 4.0942e-29 3.7427e-24 9.9764e-22 1.8169e-20 0.0099999 8.7799e-08 1.2803e-15 1.7211e-25 2.213e-37
3.3175e-19 1.2234 2.0162e-10 8.7854e-08 1.4234e-10 5.8022e-11 7.5865e-11 2.7249e-25 5.2986e-29 8.6551e-32 5.7684e-41 6.6659e-33 1.2427e-24 3.644e-20 1.8119e-18 1.7445e-50 1.6399e-43 5.4907e-38 3.7181e-34 2.6255e-32 6.9447e-24 1.0356e-16 1.4487e-12 2.0953e-17 3.772e-13 2.726e-20 6.3776e-29 1.3838e-53 9.4101e-47 1.0185e-41 9.5807e-39 5.0875e-45 1.216e-35 2.8302e-28 2.5853e-23 6.8861e-21 1.2531e-19 0.0099999 8.7864e-08 1.2822e-15 1.7249e-25 2.2195e-37
4.7956e-20 1.2236 2.0201e-10 8.7684e-08 3.7439e-10 1.5231e-10 1.9876e-10 1.036e-25 2.0185e-29 3.3035e-32 3.9904e-40 4.6024e-32 8.5635e-24 2.5062e-19 1.2438e-17 2.5217e-51 2.3752e-44 7.968e-39 5.4061e-35 3.8248e-33 6.9581e-24 1.0356e-16 1.4459e-12 5.5109e-17 9.9017e-13 7.1421e-20 1.6677e-28 2.0003e-54 1.3629e-47 1.4779e-42 1.393e-39 7.4115e-46 8.4122e-35 1.9541e-27 1.7815e-22 4.736e-20 8.602e-19 0.0099999 8.8034e-08 1.2872e-15 1.735e-25 2.2368e-37
6.9323e-21 1.2241 2.0303e-10 8.7244e-08 9.847e-10 3.9859e-10 5.1755e-10 3.939e-26 7.713e-30 1.2687e-32 2.7605e-39 3.1678e-31 5.8646e-23 1.7078e-18 8.4324e-17 3.6453e-52 3.4508e-45 1.1635e-39 7.9337e-36 5.6414e-34 6.9932e-24 1.0356e-16 1.4386e-12 1.4494e-16 2.5912e-12 1.8597e-19 4.3205e-28 2.8916e-55 1.9801e-48 2.1581e-43 2.0443e-40 1.0932e-46 5.8194e-34 1.345e-26 1.2201e-21 3.2272e-19 5.832e-18 0.0099999 8.8479e-08 1.3002e-15 1.7614e-25 2.2823e-37
1.0021e-21 1.2255 2.0566e-10 8.6131e-08 2.5899e-09 1.035e-09 1.3267e-09 1.4976e-26 2.9704e-30 4.9492e-33 1.9096e-38 2.1635e-30 3.9541e-22 1.1367e-17 5.5413e-16 5.2695e-53 5.0528e-46 1.7256e-40 1.1919e-36 8.5848e-35 7.0836e-24 1.0356e-16 1.4203e-12 3.8123e-16 6.7284e-12 4.7672e-19 1.0934e-27 4.18e-56 2.8994e-49 3.2008e-44 3.0712e-41 1.6635e-47 4.0257e-33 9.1855e-26 8.2261e-21 2.1481e-18 3.8325e-17 0.0099999 8.9622e-08 1.334e-15 1.8306e-25 2.4026e-37
1.4486e-22 1.2287 2.122e-10 8.3474e-08 6.8119e-09 2.6382e-09 3.2775e-09 5.6941e-27 1.1653e-30 2.0034e-33 1.321e-37 1.4505e-29 2.5692e-21 7.1583e-17 3.3818e-15 7.6175e-54 7.5366e-47 2.6558e-41 1.8928e-37 1.4067e-35 7.309e-24 1.0356e-16 1.3765e-12 1.0027e-15 1.7151e-11 1.1777e-18 2.6179e-27 6.0424e-57 4.3246e-50 4.9261e-45 4.8772e-42 2.7258e-48 2.7848e-32 6.1583e-25 5.3449e-20 1.3527e-17 2.3389e-16 0.0099999 9.2474e-08 1.4203e-15 2.0109e-25 2.7233e-37
2.0941e-23 1.2359 2.2751e-10 7.7858e-08 1.7916e-08 6.472e-09 7.4995e-09 2.1649e-27 4.7502e-31 8.7555e-34 9.1384e-37 9.3588e-29 1.5462e-20 4.0181e-16 1.7706e-14 1.1012e-54 1.168e-47 4.413e-42 3.372e-38 2.6867e-36 7.8363e-24 1.0356e-16 1.2839e-12 2.6372e-15 4.2074e-11 2.6947e-18 5.5871e-27 8.7347e-58 6.7025e-51 8.1855e-46 8.6887e-43 5.2063e-49 1.9265e-31 3.9735e-24 3.2167e-19 7.593e-17 1.2246e-15 0.0099999 9.9145e-08 1.6326e-15 2.4783e-25 3.5983e-37
3.0271e-24 1.2496 2.5976e-10 6.8191e-08 4.7123e-08 1.4909e-08 1.5131e-08 8.2312e-28 2.0621e-31 4.3396e-34 6.3217e-36 5.6703e-28 8.205e-20 1.8675e-15 7.2073e-14 1.5918e-55 1.9279e-48 8.3161e-43 7.2552e-39 6.6004e-37 8.9472e-24 1.0356e-16 1.1245e-12 6.9363e-15 9.6922e-11 5.4368e-18 9.8728e-27 1.2626e-58 1.1062e-51 1.5425e-46 1.8695e-43 1.279e-49 1.3327e-30 2.4075e-23 1.7069e-18 3.529e-16 4.9847e-15 0.0099999 1.132e-07 2.1283e-15 3.6888e-25 6.1151e-37
4.3759e-25 1.2712 3.2007e-10 5.5343e-08 1.2394e-07 3.1824e-08 2.6212e-08 3.1295e-28 9.6604e-32 2.505e-34 4.3732e-35 3.1835e-27 3.7386e-19 6.9058e-15 2.163e-13 2.301e-56 3.4338e-49 1.8251e-43 1.9619e-39 2.1993e-37 1.1024e-23 1.0356e-16 9.126e-13 1.8244e-14 2.0689e-10 9.4187e-18 1.3881e-26 1.8252e-59 1.9704e-52 3.3854e-47 5.0555e-44 4.2616e-50 9.2191e-30 1.3516e-22 7.7775e-18 1.305e-15 1.496e-14 0.0099999 1.3948e-07 3.2312e-15 6.9005e-25 1.4095e-36
6.3256e-26 1.3 4.2282e-10 4.1893e-08 3.2598e-07 6.3362e-08 3.9505e-08 1.1899e-28 4.8521e-32 1.6621e-34 3.0252e-34 1.6671e-26 1.482e-18 2.0722e-14 4.9132e-13 3.3263e-57 6.5574e-50 4.6043e-44 6.5384e-40 9.6822e-38 1.4564e-23 1.0356e-16 6.9082e-13 4.7984e-14 4.1191e-10 1.4195e-17 1.5836e-26 2.6385e-60 3.7627e-53 8.5403e-48 1.6848e-44 1.8762e-50 6.3775e-29 7.0778e-22 3.083e-17 3.9158e-15 3.398e-14 0.0099998 1.8426e-07 5.6389e-15 1.5908e-24 4.2927e-36
9.144e-27 1.3343 5.893e-10 3.0058e-08 8.5739e-07 1.1957e-07 5.3491e-08 4.524e-29 2.5711e-32 1.2275e-34 2.0928e-33 8.2743e-26 5.2777e-18 5.2949e-14 9.0077e-13 4.8083e-58 1.3211e-50 1.2929e-44 2.5588e-40 5.2812e-38 2.0298e-23 1.0356e-16 4.9566e-13 1.262e-13 7.7733e-10 1.9221e-17 1.5385e-26 3.8141e-61 7.5809e-54 2.3981e-48 6.5936e-45 1.0234e-50 4.4118e-28 3.513e-21 1.0979e-16 1.0006e-14 6.2297e-14 0.0099997 2.568e-07 1.0953e-14 4.3069e-24 1.6198e-35
1.3218e-27 1.3727 8.5414e-10 2.0738e-08 2.2551e-06 2.1698e-07 6.6968e-08 1.72e-29 1.4169e-32 9.8049e-35 1.4477e-32 3.9491e-25 1.7379e-17 1.2029e-13 1.4119e-12 6.9507e-59 2.7681e-51 3.9263e-45 1.1263e-40 3.3694e-38 2.942e-23 1.0356e-16 3.4197e-13 3.3194e-13 1.4106e-09 2.4063e-17 1.3289e-26 5.5135e-62 1.5884e-54 7.2828e-49 2.9023e-45 6.5291e-51 3.0519e-27 1.6767e-20 3.6153e-16 2.2731e-14 9.7643e-14 0.0099996 3.7221e-07 2.3011e-14 1.3114e-23 7.1487e-35
1.9108e-28 1.4141 1.2749e-09 1.3894e-08 5.9312e-06 3.8234e-07 7.9058e-08 6.5397e-30 8.041e-33 8.3055e-35 1.0015e-31 1.8303e-24 5.396e-17 2.5023e-13 1.9677e-12 1.0048e-59 5.9727e-52 1.2645e-45 5.4145e-41 2.4176e-38 4.3913e-23 1.0356e-16 2.2911e-13 8.7305e-13 2.4855e-09 2.8408e-17 1.051e-26 7.9701e-63 3.4272e-55 2.3455e-49 1.3952e-45 4.6848e-51 2.1112e-26 7.7705e-20 1.1225e-15 4.7284e-14 1.3608e-13 0.0099994 5.5557e-07 5.1266e-14 4.361e-23 3.5483e-34
2.7621e-29 1.4579 1.9468e-09 9.0986e-09 1.56e-05 6.5854e-07 8.9175e-08 2.4864e-30 4.6684e-33 7.3633e-35 6.9281e-31 8.2915e-24 1.6008e-16 4.8615e-13 2.5034e-12 1.4525e-60 1.3184e-52 4.2623e-46 2.7869e-41 1.9002e-38 6.7057e-23 1.0356e-16 1.5004e-13 2.2962e-12 4.2811e-09 3.2043e-17 7.7637e-27 1.1521e-63 7.5652e-56 7.906e-50 7.1813e-46 3.6822e-51 1.4604e-25 3.5201e-19 3.3301e-15 9.1861e-14 1.7313e-13 0.0099992 8.4834e-07 1.1954e-13 1.5528e-22 1.9292e-33
3.9929e-30 1.5035 3.0261e-09 5.8536e-09 4.103e-05 1.1143e-06 9.7077e-08 9.4535e-31 2.7589e-33 6.7639e-35 4.7927e-30 3.6901e-23 4.5836e-16 8.9552e-13 2.9668e-12 2.0996e-61 2.9624e-53 1.4886e-46 1.513e-41 1.6034e-38 1.0423e-22 1.0356e-16 9.6525e-14 6.0395e-12 7.2441e-09 3.4882e-17 5.4374e-27 1.6655e-64 1.6999e-56 2.7612e-50 3.8985e-46 3.1071e-51 1.0102e-24 1.5665e-18 9.5344e-15 1.6921e-13 2.0516e-13 0.0099987 1.3186e-06 2.888e-13 5.8311e-22 1.1261e-32
5.7719e-31 1.5505 4.7674e-09 3.7155e-09 0.00010792 1.8603e-06 1.0287e-07 3.5943e-31 1.6526e-33 6.3828e-35 3.3154e-29 1.6203e-22 1.2775e-15 1.5843e-12 3.3316e-12 3.0351e-62 6.7464e-54 5.3411e-47 8.5519e-42 1.4279e-38 1.6421e-22 1.0356e-16 6.1269e-14 1.5885e-11 1.2094e-08 3.6965e-17 3.6574e-27 2.4076e-65 3.8712e-57 9.9069e-51 2.2036e-46 2.7669e-51 6.9879e-24 6.8782e-18 2.6572e-14 2.9933e-13 2.3037e-13 0.0099979 2.0771e-06 7.1674e-13 2.2799e-21 6.9366e-32
