$P_{O_2}$ $\mu_e$ e h $V_{O}^{\times}$ $V_{O}^{\bullet}$ $V_{O}^{\bullet\bullet}$ $O_{i}^{\times}$ $O_{i}^{'}$ $O_{i}^{''}$ $Sn_{i}^{\times}$ $Sn_{i}^{\bullet}$ $Sn_{i}^{\bullet\bullet}$ $Sn_{i}^{\bullet\bullet\bullet}$ $Sn_{i}^{\bullet\bullet\bullet\bullet}$ $V_{Sn}^{\times}$ $V_{Sn}^{'}$ $V_{Sn}^{''}$ $V_{Sn}^{'''}$ $V_{Sn}^{''''}$ $H_{i}^{'}$ $H_{i}^{\times}$ $H_{i}^{\bullet}$ $H_{O}^{\times}$ $H_{O}^{\bullet}$ $H_{O}^{\bullet\bullet}$ $H_{O}^{\bullet\bullet\bullet}$ $H_{Sn}^{\times}$ $H_{Sn}^{'}$ $H_{Sn}^{''}$ $H_{Sn}^{'''}$ $H_{Sn}^{''''}$ $Zr_{i}^{\times}$ $Zr_{i}^{\bullet}$ $Zr_{i}^{\bullet\bullet}$ $Zr_{i}^{\bullet\bullet\bullet}$ $Zr_{i}^{\bullet\bullet\bullet\bullet}$ $Zr_{Sn}^{\times}$ $Zr_{Sn}^{'}$ $Zr_{Sn}^{''}$ $Zr_{Sn}^{'''}$ $Zr_{Sn}^{''''}$
1 1.238 3.5472e-18 1.4833e-13 3.3609e-39 4.2094e-40 5.4247e-40 1.1191e-31 5.6134e-39 1.987e-44 1.831e-118 1.8432e-102 4.8288e-86 3.1299e-77 5.833e-74 2.7651e-63 3.2416e-49 4.8209e-38 2.9326e-30 1.9398e-26 3.199e-47 5.3623e-33 7.9103e-25 7.2821e-53 1.779e-44 7.0041e-59 2.8898e-76 1.7398e-69 1.0674e-55 1.6586e-45 1.9471e-39 7.2839e-52 1.6208e-120 1.9353e-106 2.0993e-94 6.8839e-87 1.9323e-83 0.01 1.4833e-13 2.3046e-30 8.0275e-53 3.402e-79
0.020896 1.238 3.5472e-18 1.4833e-13 2.325e-38 2.9119e-39 3.7527e-39 1.6177e-32 8.1145e-40 2.8723e-45 8.7623e-117 8.8205e-101 2.3108e-84 1.4978e-75 2.7914e-72 5.7781e-65 6.7739e-51 1.0074e-39 6.1281e-32 4.0535e-28 3.199e-47 5.3623e-33 7.9103e-25 5.0375e-52 1.2306e-43 4.8452e-58 1.9991e-75 3.6357e-71 2.2304e-57 3.466e-47 4.0689e-41 1.5221e-53 7.7561e-119 9.2613e-105 1.0046e-92 3.2943e-85 9.2469e-82 0.01 1.4833e-13 2.3046e-30 8.0275e-53 3.402e-79
0.00043666 1.238 3.5472e-18 1.4833e-13 1.6084e-37 2.0144e-38 2.596e-38 2.3385e-33 1.173e-40 4.152e-46 4.1932e-115 4.221e-99 1.1058e-82 7.1677e-74 1.3358e-70 1.2074e-66 1.4155e-52 2.1051e-41 1.2805e-33 8.4705e-30 3.199e-47 5.3623e-33 7.9103e-25 3.4848e-51 8.5133e-43 3.3518e-57 1.3829e-74 7.5973e-73 4.6608e-59 7.2426e-49 8.5025e-43 3.1806e-55 3.7117e-117 4.432e-103 4.8076e-91 1.5765e-83 4.4251e-80 0.01 1.4833e-13 2.3046e-30 8.0275e-53 3.402e-79
9.1247e-06 1.238 3.5472e-18 1.4833e-13 1.1126e-36 1.3935e-37 1.7958e-37 3.3805e-34 1.6957e-41 6.002e-47 2.0066e-113 2.02e-97 5.292e-81 3.4301e-72 6.3925e-69 2.5231e-68 2.9579e-54 4.3989e-43 2.6759e-35 1.77e-31 3.199e-47 5.3623e-33 7.9103e-25 2.4107e-50 5.8893e-42 2.3187e-56 9.5666e-74 1.5876e-74 9.7394e-61 1.5135e-50 1.7767e-44 6.6463e-57 1.7762e-115 2.1209e-101 2.3007e-89 7.5442e-82 2.1176e-78 0.01 1.4833e-13 2.3046e-30 8.0275e-53 3.402e-79
1.9067e-07 1.238 3.5472e-18 1.4833e-13 7.6969e-36 9.6399e-37 1.2423e-36 4.8867e-35 2.4512e-42 8.6763e-48 9.6028e-112 9.6666e-96 2.5325e-79 1.6415e-70 3.0591e-67 5.2724e-70 6.181e-56 9.1922e-45 5.5917e-37 3.6988e-33 3.199e-47 5.3623e-33 7.9103e-25 1.6677e-49 4.074e-41 1.604e-55 6.6179e-73 3.3174e-76 2.0352e-62 3.1626e-52 3.7127e-46 1.3888e-58 8.5001e-114 1.015e-99 1.101e-87 3.6103e-80 1.0134e-76 0.01 1.4833e-13 2.3046e-30 8.0275e-53 3.402e-79
3.9844e-09 1.238 3.5472e-18 1.4833e-13 5.3245e-35 6.6686e-36 8.5939e-36 7.064e-36 3.5433e-43 1.2542e-48 4.5954e-110 4.6259e-94 1.2119e-77 7.8552e-69 1.4639e-65 1.1017e-71 1.2916e-57 1.9208e-46 1.1685e-38 7.7291e-35 3.199e-47 5.3623e-33 7.9103e-25 1.1536e-48 2.8183e-40 1.1096e-54 4.5781e-72 6.9323e-78 4.2528e-64 6.6087e-54 7.7583e-48 2.9022e-60 4.0677e-112 4.8571e-98 5.2687e-86 1.7277e-78 4.8496e-75 0.01 1.4833e-13 2.3046e-30 8.0275e-53 3.402e-79
8.3261e-11 1.238 3.5472e-18 1.4833e-13 3.6833e-34 4.6132e-35 5.9451e-35 1.0212e-36 5.1221e-44 1.813e-49 2.1991e-108 2.2137e-92 5.7996e-76 3.7591e-67 7.0057e-64 2.3023e-73 2.699e-59 4.0139e-48 2.4417e-40 1.6151e-36 3.199e-47 5.3623e-33 7.9103e-25 7.9806e-48 1.9496e-39 7.6759e-54 3.167e-71 1.4486e-79 8.8869e-66 1.381e-55 1.6212e-49 6.0646e-62 1.9466e-110 2.3244e-96 2.5213e-84 8.2679e-77 2.3208e-73 0.01 1.4833e-13 2.3046e-30 8.0275e-53 3.402e-79
1.7399e-12 1.238 3.5472e-18 1.4833e-13 2.548e-33 3.1913e-34 4.1126e-34 1.4761e-37 7.4043e-45 2.6209e-50 1.0524e-106 1.0594e-90 2.7754e-74 1.7989e-65 3.3526e-62 4.8109e-75 5.64e-61 8.3876e-50 5.1023e-42 3.375e-38 3.199e-47 5.3623e-33 7.9103e-25 5.5207e-47 1.3487e-38 5.31e-53 2.1908e-70 3.0271e-81 1.8571e-67 2.8858e-57 3.3878e-51 1.2673e-63 9.3154e-109 1.1123e-94 1.2066e-82 3.9566e-75 1.1106e-71 0.01 1.4833e-13 2.3046e-30 8.0275e-53 3.402e-79
3.6357e-14 1.238 3.5472e-18 1.4833e-13 1.7627e-32 2.2076e-33 2.845e-33 2.1338e-38 1.0703e-45 3.7886e-51 5.0362e-105 5.0697e-89 1.3282e-72 8.6087e-64 1.6044e-60 1.0053e-76 1.1786e-62 1.7527e-51 1.0662e-43 7.0526e-40 3.199e-47 5.3623e-33 7.9103e-25 3.8191e-46 9.3299e-38 3.6733e-52 1.5156e-69 6.3255e-83 3.8806e-69 6.0303e-59 7.0792e-53 2.6482e-65 4.4579e-107 5.323e-93 5.7741e-81 1.8934e-73 5.3148e-70 0.01 1.4833e-13 2.3046e-30 8.0275e-53 3.402e-79
7.5973e-16 1.238 3.5472e-18 1.4833e-13 1.2194e-31 1.5272e-32 1.9681e-32 3.0846e-39 1.5472e-46 5.4767e-52 2.4101e-103 2.4261e-87 6.3559e-71 4.1197e-62 7.6777e-59 2.1007e-78 2.4628e-64 3.6626e-53 2.228e-45 1.4737e-41 3.199e-47 5.3623e-33 7.9103e-25 2.6419e-45 6.4542e-37 2.5411e-51 1.0484e-68 1.3218e-84 8.1091e-71 1.2601e-60 1.4793e-54 5.5338e-67 2.1333e-105 2.5473e-91 2.7632e-79 9.0609e-72 2.5434e-68 0.01 1.4833e-13 2.3046e-30 8.0275e-53 3.402e-79
1.5876e-17 1.238 3.5472e-18 1.4833e-13 8.4352e-31 1.0565e-31 1.3615e-31 4.459e-40 2.2366e-47 7.9169e-53 1.1533e-101 1.161e-85 3.0416e-69 1.9715e-60 3.6741e-57 4.3898e-80 5.1463e-66 7.6535e-55 4.6557e-47 3.0796e-43 3.199e-47 5.3623e-33 7.9103e-25 1.8276e-44 4.4648e-36 1.7579e-50 7.2527e-68 2.7621e-86 1.6945e-72 2.6332e-62 3.0912e-56 1.1564e-68 1.0209e-103 1.219e-89 1.3223e-77 4.3361e-70 1.2171e-66 0.01 1.4833e-13 2.3046e-30 8.0275e-53 3.402e-79
3.3175e-19 1.238 3.5472e-18 1.4833e-13 5.8352e-30 7.3083e-31 9.4183e-31 6.4457e-41 3.2332e-48 1.1444e-53 5.5193e-100 5.556e-84 1.4556e-67 9.4345e-59 1.7583e-55 9.1732e-82 1.0754e-67 1.5993e-56 9.7287e-49 6.4353e-45 3.199e-47 5.3623e-33 7.9103e-25 1.2643e-43 3.0886e-35 1.216e-49 5.0172e-67 5.7719e-88 3.5409e-74 5.5024e-64 6.4596e-58 2.4164e-70 4.8855e-102 5.8336e-88 6.328e-76 2.075e-68 5.8246e-65 0.01 1.4833e-13 2.3046e-30 8.0275e-53 3.402e-79
6.9323e-21 1.238 3.5472e-18 1.4833e-13 4.0367e-29 5.0557e-30 6.5153e-30 9.3177e-42 4.6738e-49 1.6544e-54 2.6413e-98 2.6588e-82 6.9656e-66 4.5149e-57 8.4141e-54 1.9169e-83 2.2472e-69 3.342e-58 2.033e-50 1.3448e-46 3.199e-47 5.3623e-33 7.9103e-25 8.7461e-43 2.1366e-34 8.4122e-49 3.4708e-66 1.2061e-89 7.3993e-76 1.1498e-65 1.3498e-59 5.0494e-72 2.338e-100 2.7917e-86 3.0282e-74 9.9301e-67 2.7873e-63 0.01 1.4833e-13 2.3046e-30 8.0275e-53 3.402e-79
1.4486e-22 1.238 3.5472e-18 1.4833e-13 2.7924e-28 3.4974e-29 4.5071e-29 1.3469e-42 6.7562e-50 2.3915e-55 1.264e-96 1.2724e-80 3.3334e-64 2.1606e-55 4.0266e-52 4.0056e-85 4.6959e-71 6.9836e-60 4.2482e-52 2.8101e-48 3.199e-47 5.3623e-33 7.9103e-25 6.0503e-42 1.4781e-33 5.8193e-48 2.401e-65 2.5204e-91 1.5462e-77 2.4027e-67 2.8207e-61 1.0552e-73 1.1188e-98 1.336e-84 1.4492e-72 4.752e-65 1.3339e-61 0.01 1.4833e-13 2.3046e-30 8.0275e-53 3.402e-79
3.0271e-24 1.238 3.5472e-18 1.4833e-13 1.9317e-27 2.4194e-28 3.1179e-28 1.9471e-43 9.7665e-51 3.457e-56 6.0487e-95 6.0889e-79 1.5952e-62 1.0339e-53 1.9269e-50 8.3703e-87 9.8128e-73 1.4593e-61 8.8772e-54 5.872e-50 3.199e-47 5.3623e-33 7.9103e-25 4.1854e-41 1.0225e-32 4.0257e-47 1.6609e-64 5.2667e-93 3.231e-79 5.0208e-69 5.8942e-63 2.2049e-75 5.3541e-97 6.3932e-83 6.935e-71 2.2741e-63 6.3833e-60 0.01 1.4833e-13 2.3046e-30 8.0275e-53 3.402e-79
6.3256e-26 1.238 3.5472e-18 1.4833e-13 1.3363e-26 1.6737e-27 2.1569e-27 2.8146e-44 1.4118e-51 4.9973e-57 2.8946e-93 2.9138e-77 7.6338e-61 4.9479e-52 9.2212e-49 1.7491e-88 2.0505e-74 3.0495e-63 1.855e-55 1.227e-51 3.199e-47 5.3623e-33 7.9103e-25 2.8954e-40 7.0733e-32 2.7848e-46 1.149e-63 1.1006e-94 6.7517e-81 1.0492e-70 1.2317e-64 4.6075e-77 2.5622e-95 3.0595e-81 3.3187e-69 1.0883e-61 3.0547e-58 0.01 1.4833e-13 2.3046e-30 8.0275e-53 3.402e-79
1.3218e-27 1.238 3.5472e-18 1.4833e-13 9.2443e-26 1.1578e-26 1.4921e-26 4.0687e-45 2.0409e-52 7.224e-58 1.3852e-91 1.3944e-75 3.6531e-59 2.3678e-50 4.4128e-47 3.655e-90 4.2849e-76 6.3723e-65 3.8764e-57 2.5641e-53 3.199e-47 5.3623e-33 7.9103e-25 2.0029e-39 4.8931e-31 1.9265e-45 7.9484e-63 2.2998e-96 1.4109e-82 2.1924e-72 2.5738e-66 9.628e-79 1.2261e-93 1.4641e-79 1.5882e-67 5.2079e-60 1.4618e-56 0.01 1.4833e-13 2.3046e-30 8.0275e-53 3.402e-79
2.7621e-29 1.238 3.5472e-18 1.4833e-13 6.395e-25 8.0093e-26 1.0322e-25 5.8816e-46 2.9502e-53 1.0443e-58 6.6289e-90 6.673e-74 1.7482e-57 1.1331e-48 2.1118e-45 7.6377e-92 8.9539e-78 1.3316e-66 8.1002e-59 5.3581e-55 3.199e-47 5.3623e-33 7.9103e-25 1.3856e-38 3.3849e-30 1.3327e-44 5.4985e-62 4.8057e-98 2.9482e-84 4.5814e-74 5.3783e-68 2.0119e-80 5.8677e-92 7.0064e-78 7.6002e-66 2.4922e-58 6.9956e-55 0.01 1.4833e-13 2.3046e-30 8.0275e-53 3.402e-79
5.7719e-31 1.238 3.5472e-18 1.4833e-13 4.4239e-24 5.5406e-25 7.1403e-25 8.5022e-47 4.2647e-54 1.5096e-59 3.1723e-88 3.1933e-72 8.366e-56 5.4226e-47 1.0106e-43 1.596e-93 1.871e-79 2.7826e-68 1.6927e-60 1.1196e-56 3.199e-47 5.3623e-33 7.9103e-25 9.5851e-38 2.3416e-29 9.2191e-44 3.8037e-61 1.0042e-99 6.1607e-86 9.5735e-76 1.1239e-69 4.2042e-82 2.808e-90 3.3529e-76 3.6371e-64 1.1927e-56 3.3477e-53 0.01 1.4833e-13 2.3046e-30 8.0275e-53 3.402e-79
