$P_{O_2}$ $\mu_e$ e h $V_{O}^{\times}$ $V_{O}^{\bullet}$ $V_{O}^{\bullet\bullet}$ $O_{i}^{\times}$ $O_{i}^{'}$ $O_{i}^{''}$ $Sn_{i}^{\times}$ $Sn_{i}^{\bullet}$ $Sn_{i}^{\bullet\bullet}$ $Sn_{i}^{\bullet\bullet\bullet}$ $Sn_{i}^{\bullet\bullet\bullet\bullet}$ $V_{Sn}^{\times}$ $V_{Sn}^{'}$ $V_{Sn}^{''}$ $V_{Sn}^{'''}$ $V_{Sn}^{''''}$ $H_{i}^{'}$ $H_{i}^{\times}$ $H_{i}^{\bullet}$ $H_{O}^{\times}$ $H_{O}^{\bullet}$ $H_{O}^{\bullet\bullet}$ $H_{O}^{\bullet\bullet\bullet}$ $H_{Sn}^{\times}$ $H_{Sn}^{'}$ $H_{Sn}^{''}$ $H_{Sn}^{'''}$ $H_{Sn}^{''''}$ $Zr_{i}^{\times}$ $Zr_{i}^{\bullet}$ $Zr_{i}^{\bullet\bullet}$ $Zr_{i}^{\bullet\bullet\bullet}$ $Zr_{i}^{\bullet\bullet\bullet\bullet}$ $Zr_{Sn}^{\times}$ $Zr_{Sn}^{'}$ $Zr_{Sn}^{''}$ $Zr_{Sn}^{'''}$ $Zr_{Sn}^{''''}$
1 1.4625 2.0354e-09 8.7025e-09 8.1987e-20 3.3103e-21 4.2875e-22 4.731e-16 9.2871e-19 1.5315e-20 1.9136e-59 2.1905e-52 4.0451e-45 1.175e-41 5.787e-41 5.2584e-32 4.9904e-24 1.6868e-17 1.1531e-12 8.2203e-10 7.0109e-23 1.0356e-16 1.435e-13 1.2068e-26 2.152e-23 1.5406e-31 3.5702e-41 4.1711e-35 2.8636e-27 3.1288e-21 2.9713e-17 1.5929e-22 1.8004e-63 2.2445e-57 2.6671e-52 1.7425e-49 1.0532e-48 9.9997e-05 3.3756e-09 1.1662e-16 6.0329e-27 3.4424e-39
0.14456 1.48 2.4111e-09 7.3464e-09 2.1564e-19 7.35e-21 8.0362e-22 1.7987e-16 4.1828e-19 8.1707e-21 1.3238e-58 1.2792e-51 1.9942e-44 4.8898e-41 2.0331e-40 7.6014e-33 8.5455e-25 3.4216e-18 2.7708e-13 2.3398e-10 8.305e-23 1.0356e-16 1.2114e-13 3.1741e-26 4.7782e-23 2.8876e-31 5.6491e-41 6.0296e-36 4.9035e-28 6.3466e-22 7.1398e-18 4.534e-23 1.2454e-62 1.3107e-56 1.3148e-51 7.2515e-49 3.7002e-48 9.9996e-05 3.9986e-09 1.6365e-16 1.0028e-26 6.7782e-39
0.020896 1.4858 2.5497e-09 6.9473e-09 5.6716e-19 1.8281e-20 1.8902e-21 6.8389e-17 1.6817e-19 3.4738e-21 9.1577e-58 8.3685e-51 1.2337e-43 2.8607e-40 1.1248e-39 1.0988e-33 1.3063e-25 5.5309e-19 4.7363e-14 4.2293e-11 8.7822e-23 1.0356e-16 1.1456e-13 8.3484e-26 1.1885e-22 6.792e-31 1.2565e-40 8.7162e-37 7.4956e-29 1.0259e-22 1.2204e-18 8.1954e-24 8.6155e-62 8.5747e-56 8.1339e-51 4.2423e-48 2.0471e-47 9.9996e-05 4.2284e-09 1.8299e-16 1.1858e-26 8.4755e-39
0.0030207 1.4869 2.5765e-09 6.8749e-09 1.4917e-18 4.7582e-20 4.8684e-21 2.6002e-17 6.4612e-20 1.3487e-21 6.3351e-57 5.7287e-50 8.3573e-43 1.9177e-39 7.4616e-39 1.5884e-34 1.9082e-26 8.1645e-20 7.0652e-15 6.3754e-12 8.8747e-23 1.0356e-16 1.1337e-13 2.1958e-25 3.0933e-22 1.7494e-30 3.2026e-40 1.26e-37 1.095e-29 1.5144e-23 1.8205e-19 1.2354e-24 5.96e-61 5.8699e-55 5.5102e-50 2.8439e-47 1.358e-46 9.9996e-05 4.2729e-09 1.8687e-16 1.2237e-26 8.8382e-39
0.00043666 1.487 2.5806e-09 6.8639e-09 3.9235e-18 1.2495e-19 1.2764e-20 9.8861e-18 2.4605e-20 5.1442e-22 4.3824e-56 3.9567e-49 5.763e-42 1.3203e-38 5.129e-38 2.2962e-35 2.7628e-27 1.184e-20 1.0262e-15 9.2748e-13 8.8888e-23 1.0356e-16 1.1319e-13 5.7752e-25 8.1228e-22 4.5865e-30 8.3833e-40 1.8214e-38 1.5853e-30 2.1961e-24 2.6443e-20 1.7972e-25 4.1229e-60 4.0542e-54 3.7997e-49 1.958e-46 9.3349e-46 9.9996e-05 4.2797e-09 1.8746e-16 1.2295e-26 8.8946e-39
6.3122e-05 1.4871 2.5812e-09 6.8624e-09 1.0319e-17 3.2856e-19 3.3556e-20 3.7587e-18 9.3571e-21 1.9568e-22 3.0316e-55 2.7365e-48 3.9848e-41 9.1271e-38 3.5448e-37 3.3192e-36 3.9947e-28 1.7123e-21 1.4845e-16 1.342e-13 8.8908e-23 1.0356e-16 1.1316e-13 1.519e-24 2.1359e-21 1.2058e-29 2.2034e-39 2.6329e-39 2.2922e-31 3.1761e-25 3.8251e-21 2.6004e-26 2.8521e-59 2.8039e-53 2.6273e-48 1.3535e-45 6.4516e-45 9.9996e-05 4.2807e-09 1.8755e-16 1.2304e-26 8.9028e-39
9.1247e-06 1.4871 2.5813e-09 6.8621e-09 2.7142e-17 8.6413e-19 8.8252e-20 1.4291e-18 3.5577e-21 7.4403e-23 2.0972e-54 1.893e-47 2.7564e-40 6.3133e-37 2.4519e-36 4.7982e-37 5.7748e-29 2.4754e-22 2.1461e-17 1.9402e-14 8.8911e-23 1.0356e-16 1.1316e-13 3.9951e-24 5.6177e-21 3.1711e-29 5.7947e-39 3.8061e-40 3.3137e-32 4.5916e-26 5.53e-22 3.7596e-27 1.973e-58 1.9396e-52 1.8174e-47 9.3625e-45 4.4625e-44 9.9996e-05 4.2808e-09 1.8756e-16 1.2305e-26 8.904e-39
1.319e-06 1.4871 2.5813e-09 6.8621e-09 7.1387e-17 2.2728e-18 2.3211e-19 5.4335e-19 1.3527e-21 2.8289e-23 1.4508e-53 1.3095e-46 1.9068e-39 4.3673e-36 1.6961e-35 6.9361e-38 8.3479e-30 3.5784e-23 3.1024e-18 2.8047e-15 8.8912e-23 1.0356e-16 1.1316e-13 1.0508e-23 1.4775e-20 8.3404e-29 1.5241e-38 5.5019e-41 4.7902e-33 6.6375e-27 7.994e-23 5.4348e-28 1.3649e-57 1.3418e-51 1.2572e-46 6.4766e-44 3.0869e-43 9.9996e-05 4.2809e-09 1.8757e-16 1.2305e-26 8.9042e-39
1.9067e-07 1.4871 2.5813e-09 6.8621e-09 1.8776e-16 5.9778e-18 6.105e-19 2.0658e-19 5.1429e-22 1.0755e-23 1.0036e-52 9.0587e-46 1.3191e-38 3.0212e-35 1.1733e-34 1.0027e-38 1.2067e-30 5.1728e-24 4.4847e-19 4.0544e-16 8.8912e-23 1.0356e-16 1.1316e-13 2.7637e-23 3.8861e-20 2.1937e-28 4.0086e-38 7.9533e-42 6.9245e-34 9.5949e-28 1.1556e-23 7.8564e-29 9.4419e-57 9.2819e-51 8.6969e-46 4.4803e-43 2.1355e-42 9.9996e-05 4.2809e-09 1.8757e-16 1.2305e-26 8.9042e-39
2.7563e-08 1.4871 2.5813e-09 6.8621e-09 4.9383e-16 1.5723e-17 1.6057e-18 7.8544e-20 1.9554e-22 4.0893e-24 6.9427e-52 6.2666e-45 9.125e-38 2.09e-34 8.1168e-34 1.4494e-39 1.7444e-31 7.4777e-25 6.4828e-20 5.8608e-17 8.8912e-23 1.0356e-16 1.1316e-13 7.269e-23 1.0221e-19 5.7697e-28 1.0543e-37 1.1497e-42 1.001e-34 1.387e-28 1.6705e-24 1.1357e-29 6.5317e-56 6.421e-50 6.0163e-45 3.0994e-42 1.4773e-41 9.9996e-05 4.2809e-09 1.8757e-16 1.2305e-26 8.9042e-39
3.9844e-09 1.4871 2.5813e-09 6.8621e-09 1.2989e-15 4.1353e-17 4.2232e-18 2.9863e-20 7.4344e-23 1.5548e-24 4.8028e-51 4.3351e-44 6.3124e-37 1.4458e-33 5.6149e-33 2.0952e-40 2.5217e-32 1.0809e-25 9.3713e-21 8.4722e-18 8.8912e-23 1.0356e-16 1.1316e-13 1.9119e-22 2.6883e-19 1.5175e-27 2.773e-37 1.662e-43 1.447e-35 2.005e-29 2.4148e-25 1.6417e-30 4.5184e-55 4.4419e-49 4.1619e-44 2.1441e-41 1.0219e-40 9.9996e-05 4.2809e-09 1.8757e-16 1.2305e-26 8.9042e-39
5.7597e-10 1.4871 2.5813e-09 6.8621e-09 3.4162e-15 1.0876e-16 1.1108e-17 1.1354e-20 2.8266e-23 5.9113e-25 3.3224e-50 2.9989e-43 4.3667e-36 1.0001e-32 3.8843e-32 3.0287e-41 3.6452e-33 1.5626e-26 1.3547e-21 1.2247e-18 8.8912e-23 1.0356e-16 1.1316e-13 5.0285e-22 7.0707e-19 3.9913e-27 7.2935e-37 2.4025e-44 2.0917e-36 2.8984e-30 3.4907e-26 2.3732e-31 3.1257e-54 3.0728e-48 2.8791e-43 1.4832e-40 7.0694e-40 9.9996e-05 4.2809e-09 1.8757e-16 1.2305e-26 8.9042e-39
8.3261e-11 1.4871 2.5813e-09 6.8621e-09 8.9852e-15 2.8607e-16 2.9215e-17 4.3169e-21 1.0747e-23 2.2475e-25 2.2984e-49 2.0745e-42 3.0208e-35 6.9187e-32 2.687e-31 4.3782e-42 5.2694e-34 2.2588e-27 1.9583e-22 1.7704e-19 8.8912e-23 1.0356e-16 1.1316e-13 1.3226e-21 1.8597e-18 1.0498e-26 1.9183e-36 3.4729e-45 3.0237e-37 4.1898e-31 5.046e-27 3.4306e-32 2.1623e-53 2.1256e-47 1.9917e-42 1.026e-39 4.8904e-39 9.9996e-05 4.2809e-09 1.8757e-16 1.2305e-26 8.9042e-39
1.2036e-11 1.4871 2.5813e-09 6.8621e-09 2.3632e-14 7.524e-16 7.6841e-17 1.6413e-21 4.0861e-24 8.5452e-26 1.59e-48 1.4351e-41 2.0897e-34 4.7862e-31 1.8588e-30 6.329e-43 7.6172e-35 3.2652e-28 2.8308e-23 2.5592e-20 8.8912e-23 1.0356e-16 1.1316e-13 3.4786e-21 4.8913e-18 2.7611e-26 5.0454e-36 5.0203e-46 4.3709e-38 6.0565e-32 7.2944e-28 4.9591e-33 1.4958e-52 1.4705e-46 1.3778e-41 7.0978e-39 3.383e-38 9.9996e-05 4.2809e-09 1.8757e-16 1.2305e-26 8.9042e-39
1.7399e-12 1.4871 2.5813e-09 6.8621e-09 6.2157e-14 1.9789e-15 2.021e-16 6.2403e-22 1.5535e-24 3.2489e-26 1.0999e-47 9.9277e-41 1.4456e-33 3.311e-30 1.2859e-29 9.1489e-44 1.1011e-35 4.7201e-29 4.0921e-24 3.6995e-21 8.8912e-23 1.0356e-16 1.1316e-13 9.1493e-21 1.2865e-17 7.2621e-26 1.327e-35 7.2572e-47 6.3184e-39 8.7551e-33 1.0544e-28 7.1687e-34 1.0348e-51 1.0172e-45 9.5311e-41 4.9101e-38 2.3403e-37 9.9996e-05 4.2809e-09 1.8757e-16 1.2305e-26 8.9042e-39
2.5151e-13 1.4871 2.5813e-09 6.8621e-09 1.6348e-13 5.2049e-15 5.3156e-16 2.3726e-22 5.9066e-25 1.2353e-26 7.6087e-47 6.8677e-40 1e-32 2.2904e-29 8.8953e-29 1.3225e-44 1.5917e-36 6.8232e-30 5.9154e-25 5.3479e-22 8.8912e-23 1.0356e-16 1.1316e-13 2.4064e-20 3.3837e-17 1.91e-25 3.4903e-35 1.0491e-47 9.1336e-40 1.2656e-33 1.5243e-29 1.0363e-34 7.1582e-51 7.0369e-45 6.5934e-40 3.3967e-37 1.619e-36 9.9996e-05 4.2809e-09 1.8757e-16 1.2305e-26 8.9042e-39
3.6357e-14 1.4871 2.5813e-09 6.8621e-09 4.2998e-13 1.369e-14 1.3981e-15 9.0208e-23 2.2457e-25 4.6965e-27 5.2635e-46 4.7509e-39 6.9179e-32 1.5844e-28 6.1535e-28 1.9118e-45 2.3009e-37 9.8633e-31 8.5511e-26 7.7307e-23 8.8912e-23 1.0356e-16 1.1316e-13 6.3292e-20 8.8996e-17 5.0237e-25 9.18e-35 1.5165e-48 1.3203e-40 1.8295e-34 2.2034e-30 1.498e-35 4.9519e-50 4.8679e-44 4.5611e-39 2.3497e-36 1.1199e-35 9.9996e-05 4.2809e-09 1.8757e-16 1.2305e-26 8.9042e-39
5.2556e-15 1.4871 2.5813e-09 6.8621e-09 1.1309e-12 3.6006e-14 3.6772e-15 3.4297e-23 8.5384e-26 1.7857e-27 3.6411e-45 3.2865e-38 4.7856e-31 1.0961e-27 4.2568e-27 2.7636e-46 3.3262e-38 1.4258e-31 1.2361e-26 1.1175e-23 8.8912e-23 1.0356e-16 1.1315e-13 1.6647e-19 2.3407e-16 1.3213e-24 2.4145e-34 2.1922e-49 1.9086e-41 2.6447e-35 3.1852e-31 2.1655e-36 3.4256e-49 3.3675e-43 3.1552e-38 1.6255e-35 7.7474e-35 9.9996e-05 4.2809e-09 1.8757e-16 1.2305e-26 8.9043e-39
7.5973e-16 1.4871 2.5814e-09 6.862e-09 2.9745e-12 9.4701e-14 9.6715e-15 1.304e-23 3.2464e-26 6.7892e-28 2.5188e-44 2.2735e-37 3.3105e-30 7.5822e-27 2.9447e-26 3.995e-47 4.8082e-39 2.0611e-32 1.7869e-27 1.6155e-24 8.8912e-23 1.0356e-16 1.1315e-13 4.3784e-19 6.1564e-16 3.4752e-24 6.3503e-34 3.169e-50 2.759e-42 3.8231e-36 4.6045e-32 3.1304e-37 2.3697e-48 2.3295e-42 2.1827e-37 1.1244e-34 5.3593e-34 9.9996e-05 4.2809e-09 1.8757e-16 1.2305e-26 8.9045e-39
1.0982e-16 1.4871 2.5814e-09 6.8619e-09 7.8234e-12 2.4908e-13 2.5437e-14 4.9579e-24 1.2343e-26 2.5814e-28 1.7425e-43 1.5727e-36 2.2901e-29 5.245e-26 2.0369e-25 5.775e-48 6.9507e-40 2.9796e-33 2.5832e-28 2.3354e-25 8.8914e-23 1.0356e-16 1.1315e-13 1.1516e-18 1.6192e-15 9.1401e-24 1.6702e-33 4.5809e-51 3.9884e-43 5.5267e-37 6.6563e-33 4.5255e-38 1.6393e-47 1.6115e-41 1.5099e-36 7.7782e-34 3.7072e-33 9.9996e-05 4.281e-09 1.8757e-16 1.2306e-26 8.905e-39
1.5876e-17 1.4871 2.5815e-09 6.8617e-09 2.0577e-11 6.5508e-13 6.6898e-14 1.885e-24 4.6931e-27 9.8152e-29 1.2054e-42 1.0879e-35 1.5841e-28 3.6279e-25 1.4089e-24 8.3481e-49 1.0048e-40 4.3074e-34 3.7346e-29 3.3765e-26 8.8917e-23 1.0356e-16 1.1315e-13 3.0288e-18 4.2586e-15 2.4038e-23 4.3923e-33 6.622e-52 5.7657e-44 7.9897e-38 9.6232e-34 6.5428e-39 1.134e-46 1.1147e-40 1.0444e-35 5.3801e-33 2.5642e-32 9.9996e-05 4.2811e-09 1.8759e-16 1.2307e-26 8.9062e-39
2.2949e-18 1.4871 2.5817e-09 6.861e-09 5.412e-11 1.7228e-12 1.7592e-13 7.167e-25 1.7845e-27 3.7325e-29 8.3385e-42 7.5253e-35 1.0956e-27 2.509e-24 9.7427e-24 1.2068e-49 1.4526e-41 6.2279e-35 5.4001e-30 4.8827e-27 8.8925e-23 1.0356e-16 1.1314e-13 7.9663e-18 1.12e-14 6.3212e-23 1.1549e-32 9.5725e-53 8.3355e-45 1.1552e-38 1.3915e-34 9.4616e-40 7.8448e-46 7.7107e-40 7.2236e-35 3.7208e-32 1.7732e-31 9.9996e-05 4.2815e-09 1.8762e-16 1.2311e-26 8.9096e-39
3.3175e-19 1.4871 2.5824e-09 6.8593e-09 1.4234e-10 4.5301e-12 4.6246e-13 2.7249e-25 6.7864e-28 1.4198e-29 5.7684e-41 5.2045e-34 7.5754e-27 1.7344e-23 6.733e-23 1.7445e-50 2.1004e-42 9.0072e-36 7.812e-31 7.0653e-28 8.8947e-23 1.0356e-16 1.1311e-13 2.0953e-17 2.945e-14 1.6618e-22 3.0354e-32 1.3838e-53 1.2052e-45 1.6707e-39 2.013e-35 1.3691e-40 5.4268e-45 5.3328e-39 4.9946e-34 2.572e-31 1.2254e-30 9.9996e-05 4.2826e-09 1.8772e-16 1.232e-26 8.9184e-39
4.7956e-20 1.4872 2.584e-09 6.8549e-09 3.7439e-10 1.1907e-11 1.2148e-12 1.036e-25 2.5819e-28 5.4053e-30 3.9904e-40 3.598e-33 5.2337e-26 1.1974e-22 4.6456e-22 2.5217e-51 3.0382e-43 1.3037e-36 1.1315e-31 1.024e-28 8.9005e-23 1.0356e-16 1.1304e-13 5.5109e-17 7.7408e-14 4.365e-22 7.968e-32 2.0003e-54 1.7434e-46 2.4183e-40 2.9156e-36 1.9843e-41 3.7541e-44 3.6867e-38 3.4507e-33 1.7758e-30 8.4551e-30 9.9996e-05 4.2854e-09 1.8796e-16 1.2344e-26 8.9417e-39
6.9323e-21 1.4874 2.5885e-09 6.8432e-09 9.847e-10 3.1264e-11 3.1842e-12 3.939e-26 9.8334e-29 2.0621e-30 2.7605e-39 2.4848e-32 3.6082e-25 8.2413e-22 3.1919e-21 3.6453e-52 4.3994e-44 1.8911e-37 1.644e-32 1.4904e-29 8.9157e-23 1.0356e-16 1.1284e-13 1.4494e-16 2.0325e-13 1.1441e-21 2.085e-31 2.8916e-55 2.5245e-47 3.5077e-41 4.2363e-37 2.888e-42 2.597e-43 2.546e-37 2.3789e-32 1.2222e-29 5.8092e-29 9.9996e-05 4.2927e-09 1.886e-16 1.2407e-26 9.0029e-39
1.0021e-21 1.4878 2.6e-09 6.8128e-09 2.5899e-09 8.1865e-11 8.3005e-12 1.4976e-26 3.7554e-29 7.9106e-31 1.9096e-38 1.7112e-31 2.4739e-24 5.6254e-21 2.169e-20 5.2695e-53 6.3881e-45 2.7582e-38 2.4085e-33 2.1932e-30 8.9555e-23 1.0356e-16 1.1234e-13 3.8123e-16 5.322e-13 2.9826e-21 5.411e-31 4.18e-56 3.6656e-48 5.116e-42 6.2062e-38 4.2499e-43 1.7965e-42 1.7534e-36 1.6311e-31 8.3423e-29 3.9476e-28 9.9996e-05 4.3119e-09 1.9029e-16 1.2574e-26 9.1648e-39
1.4486e-22 1.489 2.6301e-09 6.7348e-09 6.8119e-09 2.1285e-10 2.1335e-11 5.6941e-27 1.4443e-29 3.0776e-31 1.321e-37 1.1702e-30 1.6724e-23 3.7595e-20 1.433e-19 7.6175e-54 9.3412e-46 4.0799e-39 3.6039e-34 3.3197e-31 9.0592e-23 1.0356e-16 1.1106e-13 1.0027e-15 1.3837e-12 7.6662e-21 1.3749e-30 6.0424e-57 5.3601e-49 7.5676e-43 9.2865e-39 6.4328e-44 1.2428e-41 1.1991e-35 1.1027e-30 5.5752e-28 2.608e-27 9.9996e-05 4.3617e-09 1.9472e-16 1.3016e-26 9.5964e-39
2.0941e-23 1.492 2.7071e-09 6.5432e-09 1.7916e-08 5.4391e-10 5.2966e-11 2.1649e-27 5.6523e-30 1.2397e-31 9.1384e-37 7.8651e-30 1.092e-22 2.3849e-19 8.8318e-19 1.1012e-54 1.3899e-46 6.2483e-40 5.6811e-35 5.3863e-32 9.3245e-23 1.0356e-16 1.079e-13 2.6372e-15 3.5359e-12 1.9032e-20 3.3162e-30 8.7347e-58 7.9754e-50 1.159e-43 1.4639e-39 1.0437e-44 8.5973e-41 8.0588e-35 7.2e-30 3.5368e-27 1.6074e-26 9.9996e-05 4.4895e-09 2.0629e-16 1.4193e-26 1.0771e-38
3.0271e-24 1.499 2.8974e-09 6.1136e-09 4.7123e-08 1.3366e-09 1.2162e-10 8.2312e-28 2.3e-30 5.399e-32 6.3217e-36 5.0837e-29 6.595e-22 1.3458e-18 4.6564e-18 1.5918e-55 2.1503e-47 1.0346e-40 1.0068e-35 1.0216e-32 9.9797e-23 1.0356e-16 1.0081e-13 6.9363e-15 8.6894e-12 4.3701e-20 7.1146e-30 1.2626e-58 1.2339e-50 1.9191e-44 2.5942e-40 1.9796e-45 5.9474e-40 5.2089e-34 4.3482e-29 1.9957e-26 8.4747e-26 9.9995e-05 4.8049e-09 2.363e-16 1.74e-26 1.4133e-38
4.3759e-25 1.5136 3.3355e-09 5.3105e-09 1.2394e-07 3.0538e-09 2.4136e-10 3.1295e-28 1.0067e-30 2.7205e-32 4.3732e-35 3.0548e-28 3.4424e-21 6.1017e-18 1.8339e-17 2.301e-56 3.5785e-48 1.9821e-41 2.2205e-36 2.5939e-33 1.1489e-22 1.0356e-16 8.757e-14 1.8244e-14 1.9852e-11 8.6726e-20 1.2265e-29 1.8252e-59 2.0534e-51 3.6766e-45 5.7217e-41 5.0264e-46 4.1142e-39 3.13e-33 2.2696e-28 9.0486e-26 3.3377e-25 9.9994e-05 5.5315e-09 3.1317e-16 2.6548e-26 2.4823e-38
6.3256e-26 1.5386 4.2494e-09 4.1684e-09 3.2598e-07 6.3046e-09 3.9112e-10 1.1899e-28 4.8764e-31 1.6788e-32 3.0252e-34 1.6587e-27 1.4672e-20 2.0414e-17 4.816e-17 3.3263e-57 6.5902e-49 4.6505e-42 6.6371e-37 9.8777e-34 1.4637e-22 1.0356e-16 6.8737e-14 4.7984e-14 4.0986e-11 1.4054e-19 1.5601e-29 2.6385e-60 3.7816e-52 8.6261e-46 1.7102e-41 1.9141e-46 2.846e-38 1.6996e-32 9.6735e-28 3.0272e-25 8.7649e-25 9.9993e-05 7.047e-09 5.0828e-16 5.4893e-26 6.539e-38
9.144e-27 1.5738 5.9735e-09 2.9653e-09 8.5739e-07 1.1796e-08 5.2059e-10 4.524e-29 2.6063e-31 1.2613e-32 2.0928e-33 8.1628e-27 5.1364e-20 5.0837e-17 8.5318e-17 4.8083e-58 1.3392e-49 1.3284e-42 2.6652e-37 5.5757e-34 2.0575e-22 1.0356e-16 4.8898e-14 1.262e-13 7.6685e-11 1.8706e-19 1.4771e-29 3.8141e-61 7.6845e-53 2.4641e-46 6.8675e-42 1.0804e-46 1.9688e-37 8.3635e-32 3.3863e-27 7.5386e-25 1.5527e-24 9.999e-05 9.9058e-09 1.0044e-15 1.5248e-25 2.5533e-37
1.3218e-27 1.6162 8.9957e-09 1.9691e-09 2.2551e-06 2.0602e-08 6.0375e-10 1.72e-29 1.4923e-31 1.0876e-32 1.4477e-32 3.7497e-26 1.5668e-19 1.0297e-16 1.1475e-16 6.9507e-59 2.9153e-50 4.3551e-43 1.3158e-37 4.1454e-34 3.0985e-22 1.0356e-16 3.247e-14 3.3194e-13 1.3393e-10 2.1694e-19 1.1376e-29 5.5135e-62 1.6729e-53 8.078e-47 3.3905e-42 8.0328e-47 1.3619e-36 3.8417e-31 1.0329e-26 1.5269e-24 2.0883e-24 9.9985e-05 1.4917e-08 2.2777e-15 5.2073e-25 1.3132e-36
1.9108e-28 1.6625 1.4075e-08 1.2585e-09 5.9312e-06 3.4632e-08 6.4865e-10 6.5397e-30 8.8773e-32 1.0123e-32 1.0015e-31 1.6578e-25 4.4273e-19 1.8597e-16 1.3246e-16 1.0048e-59 6.5938e-51 1.5412e-43 7.2857e-38 3.5915e-34 4.848e-22 1.0356e-16 2.0752e-14 8.7305e-13 2.2514e-10 2.3307e-19 7.811e-30 7.9701e-63 3.7837e-54 2.8587e-47 1.8773e-42 6.9594e-47 9.4202e-36 1.6984e-30 2.9184e-26 2.7573e-24 2.4102e-24 9.9977e-05 2.3338e-08 5.5755e-15 1.9945e-24 7.8694e-36
2.7621e-29 1.7107 2.2439e-08 7.894e-10 1.56e-05 5.7136e-08 6.7126e-10 2.4864e-30 5.3808e-32 9.7818e-33 6.9281e-31 7.1938e-25 1.205e-18 3.175e-16 1.4185e-16 1.4525e-60 1.5196e-51 5.6624e-44 4.2673e-38 3.3535e-34 7.7289e-22 1.0356e-16 1.3017e-14 2.2962e-12 3.7144e-10 2.412e-19 5.0704e-30 1.1521e-63 8.7196e-55 1.0503e-47 1.0996e-42 6.4984e-47 6.5157e-35 7.3686e-30 7.9424e-26 4.707e-24 2.5809e-24 9.9963e-05 3.72e-08 1.4169e-14 8.08e-24 5.0825e-35
3.9929e-30 1.7598 3.6088e-08 4.9084e-10 4.103e-05 9.3439e-08 6.8258e-10 9.4535e-31 3.2902e-32 9.6197e-33 4.7927e-30 3.0943e-24 3.2229e-18 5.28e-16 1.4668e-16 2.0996e-61 3.5328e-52 2.1172e-44 2.5661e-38 3.2433e-34 1.243e-21 1.0356e-16 8.0939e-15 6.0395e-12 6.0744e-10 2.4527e-19 3.2058e-30 1.6655e-64 2.0272e-55 3.9271e-48 6.6122e-43 6.2847e-47 4.5064e-34 3.1688e-29 2.1237e-25 7.8257e-24 2.668e-24 9.994e-05 5.9815e-08 3.6639e-14 3.3604e-23 3.3996e-34
5.7719e-31 1.8094 5.8281e-08 3.0393e-10 0.00010792 1.5218e-07 6.8834e-10 3.5943e-31 2.0203e-32 9.5392e-33 3.3154e-29 1.3254e-23 8.5481e-18 8.6715e-16 1.4916e-16 3.0351e-62 8.2475e-53 7.9823e-45 1.5625e-38 3.1892e-34 2.0074e-21 1.0356e-16 5.0118e-15 1.5885e-11 9.8928e-10 2.4734e-19 2.0018e-30 2.4076e-65 4.7326e-56 1.4806e-48 4.0261e-43 6.18e-47 3.1163e-33 1.3568e-28 5.6308e-25 1.2848e-23 2.7122e-24 9.9903e-05 9.6564e-08 9.5526e-14 1.4149e-22 2.3117e-33
