$P_{O_2}$ $\mu_e$ e h $V_{O}^{\times}$ $V_{O}^{\bullet}$ $V_{O}^{\bullet\bullet}$ $O_{i}^{\times}$ $O_{i}^{'}$ $O_{i}^{''}$ $Sn_{i}^{\times}$ $Sn_{i}^{\bullet}$ $Sn_{i}^{\bullet\bullet}$ $Sn_{i}^{\bullet\bullet\bullet}$ $Sn_{i}^{\bullet\bullet\bullet\bullet}$ $V_{Sn}^{\times}$ $V_{Sn}^{'}$ $V_{Sn}^{''}$ $V_{Sn}^{'''}$ $V_{Sn}^{''''}$ $H_{i}^{'}$ $H_{i}^{\times}$ $H_{i}^{\bullet}$ $H_{O}^{\times}$ $H_{O}^{\bullet}$ $H_{O}^{\bullet\bullet}$ $H_{O}^{\bullet\bullet\bullet}$ $H_{Sn}^{\times}$ $H_{Sn}^{'}$ $H_{Sn}^{''}$ $H_{Sn}^{'''}$ $H_{Sn}^{''''}$ $F_{i}^{'}$ $F_{i}^{\times}$ $F_{i}^{\bullet}$ $F_{O}^{\times}$ $F_{O}^{\bullet}$
1 1.9257 2.1176e-12 2.4847e-19 3.3609e-39 7.0511e-46 1.5221e-51 1.1191e-31 3.3511e-33 7.0813e-33 1.831e-118 3.0875e-108 1.3549e-97 1.4711e-94 4.5924e-97 2.7651e-63 1.9352e-43 1.7181e-26 6.2393e-13 0.0024638 1.9097e-41 5.3623e-33 1.325e-30 7.2821e-53 2.98e-50 1.9653e-70 1.3583e-93 1.7398e-69 6.372e-50 5.9112e-34 4.1427e-22 9.2514e-29 3.2648e-06 3.1188e-18 8.9209e-33 0.00013822 0.0098585
0.020896 1.9754 5.539e-12 9.4993e-20 2.325e-38 1.8648e-45 1.539e-51 1.6177e-32 1.2671e-33 7.0035e-33 8.7623e-117 5.6487e-107 9.4771e-97 3.9338e-94 4.695e-97 5.7781e-65 1.0578e-44 2.4564e-27 2.3332e-13 0.00241 4.9953e-41 5.3623e-33 5.0658e-31 5.0375e-52 7.8811e-50 1.9871e-70 5.2504e-94 3.6357e-71 3.4828e-51 8.4511e-35 1.5492e-22 9.0494e-29 3.1584e-06 1.1535e-18 1.2614e-33 0.00035364 0.0096432
0.00043666 2.0247 1.437e-11 3.6615e-20 1.6084e-37 4.9725e-45 1.5818e-51 2.3385e-33 4.752e-34 6.8141e-33 4.1932e-115 1.0419e-105 6.7382e-96 1.0781e-93 4.9596e-97 1.2074e-66 5.7344e-46 3.4548e-28 8.5137e-14 0.0022814 1.296e-40 5.3623e-33 1.9526e-31 3.4848e-51 2.1015e-49 2.0423e-70 2.08e-94 7.5973e-73 1.8881e-52 1.1886e-35 5.6529e-23 8.5665e-29 2.909e-06 4.0951e-19 1.7261e-34 0.00086851 0.0091286
9.1247e-06 2.073 3.6623e-11 1.4367e-20 1.1126e-36 1.3497e-44 1.6848e-51 3.3805e-34 1.7506e-34 6.3976e-33 2.0066e-113 1.9565e-104 4.9648e-95 3.1169e-93 5.6264e-97 2.5231e-68 3.0538e-47 4.6888e-29 2.9447e-14 0.002011 3.3027e-40 5.3623e-33 7.6618e-32 2.4107e-50 5.7043e-49 2.1753e-70 8.6931e-95 1.5876e-74 1.0055e-53 1.6132e-36 1.9552e-23 7.5513e-29 2.4075e-06 1.3298e-19 2.1995e-35 0.001951 0.0080466
1.9067e-07 2.1198 9.0441e-11 5.8178e-21 7.6969e-36 3.7809e-44 1.9111e-51 4.8867e-35 6.2496e-35 5.6401e-33 9.6028e-112 3.7914e-103 3.8958e-94 9.9038e-93 7.2392e-97 5.2724e-70 1.5759e-48 5.9755e-30 9.2677e-15 0.001563 8.1563e-40 5.3623e-33 3.1025e-32 1.6677e-49 1.5979e-48 2.4675e-70 3.9929e-95 3.3174e-76 5.189e-55 2.0559e-37 6.1535e-24 5.869e-29 1.6495e-06 3.6896e-20 2.4711e-36 0.0037446 0.0062537
3.9844e-09 2.1644 2.1447e-10 2.4534e-21 5.3245e-35 1.103e-43 2.351e-51 7.064e-36 2.1423e-35 4.5847e-33 4.5954e-110 7.6512e-102 3.3154e-93 3.5543e-92 1.0956e-96 1.1017e-71 7.8091e-50 7.0215e-31 2.5824e-15 0.0010328 1.9341e-39 5.3623e-33 1.3083e-32 1.1536e-48 4.6614e-48 3.0355e-70 2.0714e-95 6.9323e-78 2.5713e-56 2.4158e-38 1.7146e-24 3.878e-29 8.8594e-07 8.3565e-21 2.3602e-37 0.0058671 0.004132
8.3261e-11 2.2072 4.9015e-10 1.0735e-21 3.6833e-34 3.3386e-43 3.1137e-51 1.0212e-36 7.0776e-36 3.4617e-33 2.1991e-108 1.6021e-100 3.0375e-92 1.4248e-91 1.9217e-96 2.3023e-73 3.7294e-51 7.6638e-32 6.4418e-16 0.00058879 4.4203e-39 5.3623e-33 5.7247e-33 7.9806e-48 1.4109e-47 4.0202e-70 1.2004e-95 1.4486e-79 1.228e-57 2.6367e-39 4.2772e-25 2.2109e-29 3.8134e-07 1.5739e-21 1.9449e-38 0.0076441 0.0023555
1.7399e-12 2.2486 1.0925e-09 4.8164e-22 2.548e-33 1.0362e-42 4.336e-51 1.4761e-37 2.2803e-36 2.4858e-33 1.0524e-106 3.4398e-99 2.9262e-91 6.1584e-91 3.7267e-96 4.8109e-75 1.737e-52 7.9555e-33 1.4904e-16 0.00030362 9.8521e-39 5.3623e-33 2.5685e-33 5.5207e-47 4.3792e-47 5.5984e-70 7.5001e-96 3.0271e-81 5.7193e-59 2.7371e-40 9.8959e-26 1.1401e-29 1.4121e-07 2.6147e-22 1.4498e-39 0.0087852 0.0012146
3.6357e-14 2.2893 2.4007e-09 2.1917e-22 1.7627e-32 3.2619e-42 6.2112e-51 2.1338e-38 7.2439e-37 1.7353e-33 5.0362e-105 7.4908e-98 2.8997e-90 2.777e-90 7.6471e-96 1.0053e-76 7.9763e-54 8.0282e-34 3.3052e-17 0.00014796 2.165e-38 5.3623e-33 1.1688e-33 3.8191e-46 1.3786e-46 8.0196e-70 4.889e-96 6.3255e-83 2.6263e-60 2.7621e-41 2.1945e-26 5.5559e-30 4.8036e-08 4.0477e-23 1.0213e-40 0.009408 0.00059191
7.5973e-16 2.3297 5.2379e-09 1.0045e-22 1.2194e-31 1.0342e-41 9.0263e-51 3.0846e-39 2.2847e-37 1.1941e-33 2.4101e-103 1.643e-96 2.915e-89 1.2796e-89 1.6149e-95 2.1007e-78 3.6366e-55 7.9859e-35 7.1732e-18 7.0064e-05 4.7237e-38 5.3623e-33 5.357e-34 2.6419e-45 4.3709e-46 1.1654e-69 3.2563e-96 1.3218e-84 1.1974e-61 2.7476e-42 4.7628e-27 2.6309e-30 1.5652e-08 6.0451e-24 6.9906e-42 0.0097197 0.00028028
1.5876e-17 2.3698 1.1388e-08 4.6202e-23 8.4352e-31 3.2906e-41 1.3209e-50 4.459e-40 7.1807e-38 8.1603e-34 1.1533e-101 3.6162e-95 2.9509e-88 5.9576e-89 3.4583e-95 4.3898e-80 1.6522e-56 7.8887e-36 1.5407e-18 3.2719e-05 1.027e-37 5.3623e-33 2.4639e-34 1.8276e-44 1.3907e-45 1.7054e-69 2.1917e-96 2.7621e-86 5.4403e-63 2.7141e-43 1.023e-27 1.2286e-30 4.9951e-09 8.8728e-25 4.7192e-43 0.0098691 0.00013089
3.3175e-19 2.4099 2.4719e-08 2.1286e-23 5.8352e-30 1.0487e-40 1.9394e-50 6.4457e-41 2.2531e-38 5.5576e-34 5.5193e-100 7.9728e-94 2.9973e-87 2.7879e-88 7.4557e-95 9.1732e-82 7.4941e-58 7.7666e-37 3.2923e-19 1.5176e-05 2.2293e-37 5.3623e-33 1.1351e-34 1.2643e-43 4.4322e-45 2.5041e-69 1.4826e-96 5.7719e-88 2.4676e-64 2.6721e-44 2.186e-28 5.6985e-31 1.5785e-09 1.2917e-25 3.1653e-44 0.0099393 6.0731e-05
6.9323e-21 2.4499 5.3601e-08 9.8163e-24 4.0367e-29 3.3457e-40 2.8534e-50 9.3177e-42 7.0625e-39 3.7775e-34 2.6413e-98 1.7595e-92 3.0506e-86 1.3085e-87 1.6138e-94 1.9169e-83 3.3957e-59 7.631e-38 7.0145e-20 7.0113e-06 4.834e-37 5.3623e-33 5.2348e-35 8.7461e-43 1.414e-44 3.6841e-69 1.0059e-96 1.2061e-89 1.1181e-65 2.6255e-45 4.6574e-29 2.6327e-31 4.964e-10 1.8734e-26 2.1171e-45 0.0099719 2.8099e-05
1.4486e-22 2.4898 1.1606e-07 4.5336e-24 2.7924e-28 1.0689e-39 4.2103e-50 1.3469e-42 2.2105e-39 2.5601e-34 1.264e-96 3.8888e-91 3.1139e-85 6.1687e-87 3.5137e-94 4.0056e-85 1.5364e-60 7.4759e-39 1.4879e-20 3.2202e-06 1.0467e-36 5.3623e-33 2.4177e-35 6.0503e-42 4.5175e-44 5.4361e-69 6.8551e-97 2.5204e-91 5.0589e-67 2.5721e-46 9.8794e-30 1.2092e-31 1.5561e-10 2.7123e-27 1.4155e-46 0.009987 1.2997e-05
3.0271e-24 2.5295 2.4993e-07 2.1052e-24 1.9317e-27 3.4337e-39 6.2801e-50 1.9471e-43 6.8816e-40 1.7163e-34 6.0487e-95 8.6416e-90 3.2131e-84 2.9557e-86 7.8176e-94 8.3703e-87 6.9141e-62 7.2451e-40 3.1054e-21 1.4474e-06 2.254e-36 5.3623e-33 1.1227e-35 4.1854e-41 1.4511e-43 8.1085e-69 4.748e-97 5.2667e-93 2.2766e-68 2.4927e-47 2.0619e-30 5.4347e-32 4.8476e-11 3.9235e-28 9.5084e-48 0.009994 6.0394e-06
6.3256e-26 2.5679 5.248e-07 1.0025e-24 1.3363e-26 1.1312e-38 9.8526e-50 2.8146e-44 2.0889e-40 1.094e-34 2.8946e-93 1.9694e-88 3.4871e-83 1.5276e-85 1.9241e-93 1.7491e-88 3.0339e-63 6.6758e-41 6.0085e-22 5.8805e-07 4.7332e-36 5.3623e-33 5.3463e-36 2.8954e-40 4.7806e-43 1.2721e-68 3.5473e-97 1.1006e-94 9.9897e-70 2.2968e-48 3.9895e-31 2.2081e-32 1.4719e-11 5.6734e-29 6.5477e-49 0.0099971 2.877e-06
1.3218e-27 2.5998 9.7257e-07 5.4093e-25 9.2443e-26 4.2222e-38 1.9842e-49 4.0687e-45 5.5965e-41 5.4322e-35 1.3852e-91 5.085e-87 4.8581e-82 1.1483e-84 7.8041e-93 3.655e-90 1.175e-64 4.7918e-42 7.9932e-23 1.4499e-07 8.7723e-36 5.3623e-33 2.8847e-36 2.0029e-39 1.7844e-42 2.5619e-68 3.8546e-97 2.2998e-96 3.8689e-71 1.6486e-49 5.3072e-32 5.4441e-33 3.9441e-12 8.2023e-30 5.1077e-50 0.0099984 1.5525e-06
2.7621e-29 2.6112 1.2142e-06 4.3328e-25 6.395e-25 2.3395e-37 8.8067e-49 5.8816e-46 1.01e-41 1.2239e-35 6.6289e-90 1.9492e-85 1.4916e-80 2.824e-83 1.5373e-91 7.6377e-92 3.0654e-66 1.5607e-43 3.2502e-24 7.3601e-09 1.0952e-35 5.3623e-33 2.3106e-36 1.3856e-38 9.8873e-42 1.1371e-67 1.3704e-96 4.8057e-98 1.0093e-72 5.3695e-51 2.158e-33 2.7637e-34 7.1181e-13 1.1857e-30 5.9143e-51 0.0099988 1.2436e-06
5.7719e-31 2.6118 1.2285e-06 4.2823e-25 4.4239e-24 1.5996e-36 5.9511e-48 8.5022e-47 1.4772e-42 1.8112e-36 3.1723e-88 9.2191e-84 6.9727e-79 1.3048e-81 7.0199e-90 1.596e-93 6.481e-68 3.3386e-45 7.0347e-26 1.6118e-10 1.1081e-35 5.3623e-33 2.2837e-36 9.5851e-38 6.7601e-41 7.6837e-67 9.1523e-96 1.0042e-99 2.134e-74 1.1486e-52 4.6709e-35 6.0523e-36 1.0411e-13 1.7141e-31 8.4499e-52 0.0099988 1.2291e-06
