$P_{O_2}$ $\mu_e$ e h $V_{O}^{\times}$ $V_{O}^{\bullet}$ $V_{O}^{\bullet\bullet}$ $O_{i}^{\times}$ $O_{i}^{'}$ $O_{i}^{''}$ $Sn_{i}^{\times}$ $Sn_{i}^{\bullet}$ $Sn_{i}^{\bullet\bullet}$ $Sn_{i}^{\bullet\bullet\bullet}$ $Sn_{i}^{\bullet\bullet\bullet\bullet}$ $V_{Sn}^{\times}$ $V_{Sn}^{'}$ $V_{Sn}^{''}$ $V_{Sn}^{'''}$ $V_{Sn}^{''''}$ $H_{i}^{'}$ $H_{i}^{\times}$ $H_{i}^{\bullet}$ $H_{O}^{\times}$ $H_{O}^{\bullet}$ $H_{O}^{\bullet\bullet}$ $H_{O}^{\bullet\bullet\bullet}$ $H_{Sn}^{\times}$ $H_{Sn}^{'}$ $H_{Sn}^{''}$ $H_{Sn}^{'''}$ $H_{Sn}^{''''}$ $V_{i}^{\times}$ $V_{i}^{\bullet}$ $V_{i}^{\bullet\bullet}$ $V_{i}^{\bullet\bullet\bullet}$ $V_{i}^{\bullet\bullet\bullet\bullet}$ $V_{i}^{\bullet\bullet\bullet\bullet\bullet}$ $V_{Sn}^{\times}$ $V_{Sn}^{\bullet}$ $V_{Sn}^{'}$ $V_{Sn}^{''}$ $V_{Sn}^{'''}$ $V_{Sn}^{''''}$
1 1.3913 6.8696e-17 7.6594e-15 3.3609e-39 2.1736e-41 1.4464e-42 1.1191e-31 1.0871e-37 7.452e-42 1.831e-118 9.5175e-104 1.2875e-88 4.3092e-81 4.1468e-79 2.7651e-63 6.2778e-48 1.8081e-35 2.13e-26 2.7286e-21 6.1952e-46 5.3623e-33 4.0846e-26 7.2821e-53 9.186e-46 1.8675e-61 3.9787e-80 1.7398e-69 2.0671e-54 6.2206e-43 1.4143e-35 1.0246e-46 3.0358e-95 5.2234e-82 5.7572e-73 4.4718e-69 4.5661e-78 3.2137e-91 9.987e-05 6.478e-08 6.478e-08 1.7809e-18 1.3954e-34 2.4055e-56
0.020896 1.3913 6.8696e-17 7.6594e-15 2.325e-38 1.5036e-40 1.0006e-41 1.6177e-32 1.5715e-38 1.0772e-42 8.7623e-117 4.5546e-102 6.1614e-87 2.0622e-79 1.9845e-77 5.7781e-65 1.3118e-49 3.7782e-37 4.4509e-28 5.7017e-23 6.1952e-46 5.3623e-33 4.0846e-26 5.0375e-52 6.3546e-45 1.2919e-60 2.7523e-79 3.6357e-71 4.3195e-56 1.2999e-44 2.9553e-37 2.141e-48 1.4528e-93 2.4997e-80 2.7551e-71 2.14e-67 2.1851e-76 1.5379e-89 9.987e-05 6.478e-08 6.478e-08 1.7809e-18 1.3954e-34 2.4055e-56
0.00043666 1.3913 6.8696e-17 7.6594e-15 1.6084e-37 1.0402e-39 6.9217e-41 2.3385e-33 2.2717e-39 1.5572e-43 4.1932e-115 2.1796e-100 2.9485e-85 9.8684e-78 9.4966e-76 1.2074e-66 2.7413e-51 7.8951e-39 9.3009e-30 1.1915e-24 6.1952e-46 5.3623e-33 4.0846e-26 3.4848e-51 4.396e-44 8.937e-60 1.904e-78 7.5973e-73 9.0261e-58 2.7163e-46 6.1755e-39 4.4738e-50 6.9523e-92 1.1962e-78 1.3185e-69 1.0241e-65 1.0457e-74 7.3596e-88 9.987e-05 6.478e-08 6.478e-08 1.7809e-18 1.3954e-34 2.4055e-56
9.1247e-06 1.3913 6.8696e-17 7.6594e-15 1.1126e-36 7.1956e-39 4.7883e-40 3.3805e-34 3.2838e-40 2.251e-44 2.0066e-113 1.043e-98 1.411e-83 4.7225e-76 4.5446e-74 2.5231e-68 5.7283e-53 1.6498e-40 1.9436e-31 2.4897e-26 6.1952e-46 5.3623e-33 4.0846e-26 2.4107e-50 3.041e-43 6.1824e-59 1.3171e-77 1.5876e-74 1.8861e-59 5.6762e-48 1.2905e-40 9.3488e-52 3.327e-90 5.7245e-77 6.3095e-68 4.9008e-64 5.0041e-73 3.5219e-86 9.987e-05 6.478e-08 6.478e-08 1.7809e-18 1.3954e-34 2.4055e-56
1.9067e-07 1.3913 6.8696e-17 7.6594e-15 7.6969e-36 4.9777e-38 3.3124e-39 4.8867e-35 4.747e-41 3.254e-45 9.6028e-112 4.9915e-97 6.7524e-82 2.26e-74 2.1748e-72 5.2724e-70 1.197e-54 3.4475e-42 4.0614e-33 5.2027e-28 6.1952e-46 5.3623e-33 4.0846e-26 1.6677e-49 2.1037e-42 4.2768e-58 9.1115e-77 3.3174e-76 3.9414e-61 1.1861e-49 2.6966e-42 1.9536e-53 1.5922e-88 2.7394e-75 3.0194e-66 2.3453e-62 2.3947e-71 1.6854e-84 9.987e-05 6.478e-08 6.478e-08 1.7809e-18 1.3954e-34 2.4055e-56
3.9844e-09 1.3913 6.8696e-17 7.6594e-15 5.3245e-35 3.4434e-37 2.2914e-38 7.064e-36 6.862e-42 4.7039e-46 4.5954e-110 2.3887e-95 3.2314e-80 1.0815e-72 1.0408e-70 1.1017e-71 2.5013e-56 7.2041e-44 8.4868e-35 1.0872e-29 6.1952e-46 5.3623e-33 4.0846e-26 1.1536e-48 1.4553e-41 2.9586e-57 6.3031e-76 6.9323e-78 8.2361e-63 2.4786e-51 5.635e-44 4.0823e-55 7.6192e-87 1.311e-73 1.4449e-64 1.1223e-60 1.146e-69 8.0655e-83 9.987e-05 6.478e-08 6.478e-08 1.7809e-18 1.3954e-34 2.4055e-56
8.3261e-11 1.3913 6.8696e-17 7.6594e-15 3.6833e-34 2.3821e-36 1.5851e-37 1.0212e-36 9.9195e-43 6.7998e-47 2.1991e-108 1.1431e-93 1.5464e-78 5.1755e-71 4.9805e-69 2.3023e-73 5.2269e-58 1.5054e-45 1.7735e-36 2.2718e-31 6.1952e-46 5.3623e-33 4.0846e-26 7.9806e-48 1.0067e-40 2.0467e-56 4.3603e-75 1.4486e-79 1.7211e-64 5.1794e-53 1.1775e-45 8.5305e-57 3.6462e-85 6.2736e-72 6.9147e-63 5.3709e-59 5.4841e-68 3.8598e-81 9.987e-05 6.478e-08 6.478e-08 1.7809e-18 1.3954e-34 2.4055e-56
1.7399e-12 1.3913 6.8696e-17 7.6594e-15 2.548e-33 1.6479e-35 1.0966e-36 1.4761e-37 1.4339e-43 9.8295e-48 1.0524e-106 5.4703e-92 7.4001e-77 2.4767e-69 2.3834e-67 4.8109e-75 1.0922e-59 3.1458e-47 3.7059e-38 4.7473e-33 6.1952e-46 5.3623e-33 4.0846e-26 5.5207e-47 6.9642e-40 1.4158e-55 3.0163e-74 3.0271e-81 3.5964e-66 1.0823e-54 2.4606e-47 1.7826e-58 1.7449e-83 3.0022e-70 3.309e-61 2.5702e-57 2.6244e-66 1.8471e-79 9.987e-05 6.478e-08 6.478e-08 1.7809e-18 1.3954e-34 2.4055e-56
3.6357e-14 1.3913 6.8696e-17 7.6594e-15 1.7627e-32 1.1399e-34 7.5857e-36 2.1338e-38 2.0728e-44 1.4209e-48 5.0362e-105 2.6178e-90 3.5413e-75 1.1852e-67 1.1406e-65 1.0053e-76 2.2824e-61 6.5735e-49 7.744e-40 9.9202e-35 6.1952e-46 5.3623e-33 4.0846e-26 3.8191e-46 4.8176e-39 9.7942e-55 2.0866e-73 6.3255e-83 7.5152e-68 2.2616e-56 5.1418e-49 3.725e-60 8.3501e-82 1.4367e-68 1.5835e-59 1.23e-55 1.2559e-64 8.8392e-78 9.987e-05 6.478e-08 6.478e-08 1.7809e-18 1.3954e-34 2.4055e-56
7.5973e-16 1.3913 6.8696e-17 7.6594e-15 1.2194e-31 7.8858e-34 5.2476e-35 3.0846e-39 2.9964e-45 2.054e-49 2.4101e-103 1.2527e-88 1.6947e-73 5.672e-66 5.4583e-64 2.1007e-78 4.7694e-63 1.3736e-50 1.6182e-41 2.073e-36 6.1952e-46 5.3623e-33 4.0846e-26 2.6419e-45 3.3327e-38 6.7754e-54 1.4435e-72 1.3218e-84 1.5704e-69 4.726e-58 1.0745e-50 7.7839e-62 3.9959e-80 6.8753e-67 7.578e-58 5.8861e-54 6.0102e-63 4.23e-76 9.987e-05 6.478e-08 6.478e-08 1.7809e-18 1.3954e-34 2.4055e-56
1.5876e-17 1.3913 6.8696e-17 7.6594e-15 8.4352e-31 5.4552e-33 3.6301e-34 4.459e-40 4.3315e-46 2.9692e-50 1.1533e-101 5.995e-87 8.11e-72 2.7143e-64 2.6121e-62 4.3898e-80 9.9665e-65 2.8704e-52 3.3815e-43 4.3318e-38 6.1952e-46 5.3623e-33 4.0846e-26 1.8276e-44 2.3055e-37 4.687e-53 9.9855e-72 2.7621e-86 3.2816e-71 9.8757e-60 2.2452e-52 1.6266e-63 1.9123e-78 3.2902e-65 3.6264e-56 2.8168e-52 2.8762e-61 2.0243e-74 9.987e-05 6.478e-08 6.478e-08 1.7809e-18 1.3954e-34 2.4055e-56
3.3175e-19 1.3913 6.8696e-17 7.6594e-15 5.8352e-30 3.7738e-32 2.5112e-33 6.4457e-41 6.2614e-47 4.2922e-51 5.5193e-100 2.8689e-85 3.881e-70 1.2989e-62 1.25e-60 9.1732e-82 2.0826e-66 5.9982e-54 7.0662e-45 9.0519e-40 6.1952e-46 5.3623e-33 4.0846e-26 1.2643e-43 1.5949e-36 3.2424e-52 6.9077e-71 5.7719e-88 6.8575e-73 2.0637e-61 4.6918e-54 3.3989e-65 9.1511e-77 1.5745e-63 1.7354e-54 1.348e-50 1.3764e-59 9.6871e-73 9.987e-05 6.478e-08 6.478e-08 1.7809e-18 1.3954e-34 2.4055e-56
6.9323e-21 1.3913 6.8696e-17 7.6594e-15 4.0367e-29 2.6106e-31 1.7372e-32 9.3177e-42 9.0513e-48 6.2046e-52 2.6413e-98 1.3729e-83 1.8573e-68 6.2161e-61 5.9819e-59 1.9169e-83 4.352e-68 1.2534e-55 1.4766e-46 1.8915e-41 6.1952e-46 5.3623e-33 4.0846e-26 8.7461e-43 1.1033e-35 2.243e-51 4.7785e-70 1.2061e-89 1.433e-74 4.3124e-63 9.8041e-56 7.1026e-67 4.3792e-75 7.5348e-62 8.3049e-53 6.4507e-49 6.5867e-58 4.6357e-71 9.987e-05 6.478e-08 6.478e-08 1.7809e-18 1.3954e-34 2.4055e-56
1.4486e-22 1.3913 6.8696e-17 7.6594e-15 2.7924e-28 1.8059e-30 1.2017e-31 1.3469e-42 1.3084e-48 8.9692e-53 1.264e-96 6.5701e-82 8.8879e-67 2.9747e-59 2.8626e-57 4.0056e-85 9.0941e-70 2.6192e-57 3.0856e-48 3.9527e-43 6.1952e-46 5.3623e-33 4.0846e-26 6.0503e-42 7.6322e-35 1.5516e-50 3.3057e-69 2.5204e-91 2.9944e-76 9.0113e-65 2.0487e-57 1.4842e-68 2.0957e-73 3.6058e-60 3.9743e-51 3.087e-47 3.152e-56 2.2184e-69 9.987e-05 6.478e-08 6.478e-08 1.7809e-18 1.3954e-34 2.4055e-56
3.0271e-24 1.3913 6.8696e-17 7.6594e-15 1.9317e-27 1.2493e-29 8.3133e-31 1.9471e-43 1.8914e-49 1.2965e-53 6.0487e-95 3.1441e-80 4.2533e-65 1.4235e-57 1.3699e-55 8.3703e-87 1.9004e-71 5.4732e-59 6.4477e-50 8.2597e-45 6.1952e-46 5.3623e-33 4.0846e-26 4.1854e-41 5.2798e-34 1.0734e-49 2.2868e-68 5.2667e-93 6.2572e-78 1.8831e-66 4.2811e-59 3.1014e-70 1.0029e-71 1.7255e-58 1.9019e-49 1.4773e-45 1.5084e-54 1.0616e-67 9.987e-05 6.478e-08 6.478e-08 1.7809e-18 1.3954e-34 2.4055e-56
6.3256e-26 1.3913 6.8696e-17 7.6594e-15 1.3363e-26 8.6422e-29 5.7509e-30 2.8146e-44 2.7341e-50 1.8742e-54 2.8946e-93 1.5046e-78 2.0354e-63 6.8123e-56 6.5557e-54 1.7491e-88 3.9711e-73 1.1437e-60 1.3473e-51 1.726e-46 6.1952e-46 5.3623e-33 4.0846e-26 2.8954e-40 3.6524e-33 7.4253e-49 1.5819e-67 1.1006e-94 1.3075e-79 3.9349e-68 8.946e-61 6.4809e-72 4.7993e-70 8.2576e-57 9.1015e-48 7.0694e-44 7.2185e-53 5.0804e-66 9.987e-05 6.478e-08 6.478e-08 1.7809e-18 1.3954e-34 2.4055e-56
1.3218e-27 1.3913 6.8696e-17 7.6594e-15 9.2443e-26 5.9785e-28 3.9783e-29 4.0687e-45 3.9524e-51 2.7093e-55 1.3852e-91 7.2003e-77 9.7405e-62 3.26e-54 3.1372e-52 3.655e-90 8.2982e-75 2.3899e-62 2.8155e-53 3.6067e-48 6.1952e-46 5.3623e-33 4.0846e-26 2.0029e-39 2.5266e-32 5.1366e-48 1.0943e-66 2.2998e-96 2.7323e-81 8.2226e-70 1.8694e-62 1.3543e-73 2.2967e-68 3.9517e-55 4.3555e-46 3.3831e-42 3.4544e-51 2.4312e-64 9.987e-05 6.478e-08 6.478e-08 1.7809e-18 1.3954e-34 2.4055e-56
2.7621e-29 1.3913 6.8696e-17 7.6594e-15 6.395e-25 4.1357e-27 2.7521e-28 5.8816e-46 5.7134e-52 3.9165e-56 6.6289e-90 3.4457e-75 4.6613e-60 1.5601e-52 1.5013e-50 7.6377e-92 1.734e-76 4.9941e-64 5.8834e-55 7.5367e-50 6.1952e-46 5.3623e-33 4.0846e-26 1.3856e-38 1.7478e-31 3.5534e-47 7.5703e-66 4.8057e-98 5.7096e-83 1.7182e-71 3.9064e-64 2.83e-75 1.0991e-66 1.8911e-53 2.0843e-44 1.619e-40 1.6531e-49 1.1635e-62 9.987e-05 6.478e-08 6.478e-08 1.7809e-18 1.3954e-34 2.4055e-56
5.7719e-31 1.3913 6.8696e-17 7.6594e-15 4.4239e-24 2.861e-26 1.9038e-27 8.5022e-47 8.2591e-53 5.6615e-57 3.1723e-88 1.6489e-73 2.2307e-58 7.4658e-51 7.1845e-49 1.596e-93 3.6235e-78 1.0436e-65 1.2294e-56 1.5749e-51 6.1952e-46 5.3623e-33 4.0846e-26 9.5851e-38 1.2091e-30 2.4581e-46 5.2369e-65 1.0042e-99 1.1931e-84 3.5905e-73 8.163e-66 5.9136e-77 5.2597e-65 9.0497e-52 9.9745e-43 7.7475e-39 7.9109e-48 5.5677e-61 9.987e-05 6.478e-08 6.478e-08 1.7809e-18 1.3954e-34 2.4055e-56
