$P_{O_2}$ $\mu_e$ e h $V_{O}^{\times}$ $V_{O}^{\bullet}$ $V_{O}^{\bullet\bullet}$ $O_{i}^{\times}$ $O_{i}^{'}$ $O_{i}^{''}$ $Sn_{i}^{\times}$ $Sn_{i}^{\bullet}$ $Sn_{i}^{\bullet\bullet}$ $Sn_{i}^{\bullet\bullet\bullet}$ $Sn_{i}^{\bullet\bullet\bullet\bullet}$ $V_{Sn}^{\times}$ $V_{Sn}^{'}$ $V_{Sn}^{''}$ $V_{Sn}^{'''}$ $V_{Sn}^{''''}$ $H_{i}^{'}$ $H_{i}^{\times}$ $H_{i}^{\bullet}$ $H_{O}^{\times}$ $H_{O}^{\bullet}$ $H_{O}^{\bullet\bullet}$ $H_{O}^{\bullet\bullet\bullet}$ $H_{Sn}^{\times}$ $H_{Sn}^{'}$ $H_{Sn}^{''}$ $H_{Sn}^{'''}$ $H_{Sn}^{''''}$ $Pd_{i}^{\times}$ $Pd_{i}^{\bullet}$ $Pd_{i}^{\bullet\bullet}$ $Pd_{i}^{\bullet\bullet\bullet}$ $Pd_{i}^{\bullet\bullet\bullet\bullet}$ $Pd_{Sn}^{\times}$ $Pd_{Sn}^{'}$ $Pd_{Sn}^{''}$ $Pd_{Sn}^{'''}$ $Pd_{Sn}^{''''}$
1 0.92251 7.9367e-21 6.6296e-11 3.3609e-39 1.8813e-37 1.0836e-34 1.1191e-31 1.256e-41 9.947e-50 1.831e-118 8.2378e-100 9.6457e-81 2.7943e-69 2.3275e-63 2.7651e-63 7.253e-52 2.4134e-43 3.2848e-38 4.8615e-37 7.1576e-50 5.3623e-33 3.5354e-22 7.2821e-53 7.9509e-42 1.3991e-53 2.5799e-68 1.7398e-69 2.3882e-58 8.3034e-51 2.181e-47 1.8255e-62 9.256e-57 1.8457e-48 7.9209e-44 7.8822e-48 6.9463e-55 0.01 6.6296e-11 3.5229e-24 8.7063e-42 1.9408e-63
0.020896 0.92251 7.9367e-21 6.6296e-11 2.325e-38 1.3015e-36 7.4961e-34 1.6177e-32 1.8156e-42 1.4379e-50 8.7623e-117 3.9422e-98 4.616e-79 1.3372e-67 1.1138e-61 5.7781e-65 1.5156e-53 5.0432e-45 6.864e-40 1.0159e-38 7.1576e-50 5.3623e-33 3.5354e-22 5.0375e-52 5.5002e-41 9.6785e-53 1.7847e-67 3.6357e-71 4.9904e-60 1.7351e-52 4.5575e-49 3.8146e-64 4.4295e-55 8.8324e-47 3.7906e-42 3.772e-46 3.3241e-53 0.01 6.6296e-11 3.5229e-24 8.7063e-42 1.9408e-63
0.00043666 0.92251 7.9367e-21 6.6296e-11 1.6084e-37 9.0031e-36 5.1856e-33 2.3385e-33 2.6245e-43 2.0786e-51 4.1932e-115 1.8865e-96 2.209e-77 6.3991e-66 5.3301e-60 1.2074e-66 3.1671e-55 1.0538e-46 1.4343e-41 2.1228e-40 7.1576e-50 5.3623e-33 3.5354e-22 3.4848e-51 3.8049e-40 6.6953e-52 1.2346e-66 7.5973e-73 1.0428e-61 3.6258e-54 9.5236e-51 7.9711e-66 2.1197e-53 4.2268e-45 1.814e-40 1.8051e-44 1.5908e-51 0.01 6.6296e-11 3.5229e-24 8.7063e-42 1.9408e-63
9.1247e-06 0.92251 7.9367e-21 6.6296e-11 1.1126e-36 6.2281e-35 3.5872e-32 3.3805e-34 3.7939e-44 3.0047e-52 2.0066e-113 9.028e-95 1.0571e-75 3.0623e-64 2.5507e-58 2.5231e-68 6.6182e-57 2.2022e-48 2.9973e-43 4.436e-42 7.1576e-50 5.3623e-33 3.5354e-22 2.4107e-50 2.6321e-39 4.6317e-51 8.5408e-66 1.5876e-74 2.1791e-63 7.5766e-56 1.9901e-52 1.6657e-67 1.0144e-51 2.0227e-43 8.6807e-39 8.6383e-43 7.6126e-50 0.01 6.6296e-11 3.5229e-24 8.7063e-42 1.9408e-63
1.9067e-07 0.92251 7.9367e-21 6.6296e-11 7.6969e-36 4.3085e-34 2.4816e-31 4.8867e-35 5.4844e-45 4.3435e-53 9.6028e-112 4.3204e-93 5.0587e-74 1.4655e-62 1.2206e-56 5.2724e-70 1.383e-58 4.6018e-50 6.2632e-45 9.2697e-44 7.1576e-50 5.3623e-33 3.5354e-22 1.6677e-49 1.8208e-38 3.2041e-50 5.9083e-65 3.3174e-76 4.5536e-65 1.5832e-57 4.1586e-54 3.4807e-69 4.8544e-50 9.6797e-42 4.1542e-37 4.1338e-41 3.643e-48 0.01 6.6296e-11 3.5229e-24 8.7063e-42 1.9408e-63
3.9844e-09 0.92251 7.9367e-21 6.6296e-11 5.3245e-35 2.9805e-33 1.7167e-30 7.064e-36 7.928e-46 6.2788e-54 4.5954e-110 2.0675e-91 2.4209e-72 7.013e-61 5.8414e-55 1.1017e-71 2.8899e-60 9.616e-52 1.3088e-46 1.937e-45 7.1576e-50 5.3623e-33 3.5354e-22 1.1536e-48 1.2596e-37 2.2165e-49 4.0872e-64 6.9323e-78 9.5155e-67 3.3084e-59 8.6901e-56 7.2734e-71 2.323e-48 4.6322e-40 1.988e-35 1.9782e-39 1.7433e-46 0.01 6.6296e-11 3.5229e-24 8.7063e-42 1.9408e-63
8.3261e-11 0.92251 7.9367e-21 6.6296e-11 3.6833e-34 2.0618e-32 1.1875e-29 1.0212e-36 1.146e-46 9.0764e-55 2.1991e-108 9.894e-90 1.1585e-70 3.356e-59 2.7954e-53 2.3023e-73 6.0389e-62 2.0094e-53 2.7349e-48 4.0477e-47 7.1576e-50 5.3623e-33 3.5354e-22 7.9806e-48 8.7136e-37 1.5333e-48 2.8274e-63 1.4486e-79 1.9884e-68 6.9134e-61 1.8159e-57 1.5199e-72 1.1117e-46 2.2167e-38 9.5134e-34 9.4669e-38 8.3428e-45 0.01 6.6296e-11 3.5229e-24 8.7063e-42 1.9408e-63
1.7399e-12 0.92251 7.9367e-21 6.6296e-11 2.548e-33 1.4263e-31 8.2151e-29 1.4761e-37 1.6567e-47 1.312e-55 1.0524e-106 4.7348e-88 5.544e-69 1.606e-57 1.3377e-51 4.8109e-75 1.2619e-63 4.199e-55 5.715e-50 8.4583e-49 7.1576e-50 5.3623e-33 3.5354e-22 5.5207e-47 6.0278e-36 1.0607e-47 1.9559e-62 3.0271e-81 4.1551e-70 1.4447e-62 3.7946e-59 3.176e-74 5.32e-45 1.0608e-36 4.5526e-32 4.5304e-36 3.9924e-43 0.01 6.6296e-11 3.5229e-24 8.7063e-42 1.9408e-63
3.6357e-14 0.92251 7.9367e-21 6.6296e-11 1.7627e-32 9.8668e-31 5.683e-28 2.1338e-38 2.3948e-48 1.8966e-56 5.0362e-105 2.2658e-86 2.6531e-67 7.6857e-56 6.4017e-50 1.0053e-76 2.637e-65 8.7744e-57 1.1942e-51 1.7675e-50 7.1576e-50 5.3623e-33 3.5354e-22 3.8191e-46 4.1699e-35 7.3376e-47 1.3531e-61 6.3255e-83 8.6826e-72 3.0188e-64 7.9294e-61 6.6368e-76 2.5459e-43 5.0765e-35 2.1787e-30 2.168e-34 1.9106e-41 0.01 6.6296e-11 3.5229e-24 8.7063e-42 1.9408e-63
7.5973e-16 0.92251 7.9367e-21 6.6296e-11 1.2194e-31 6.8256e-30 3.9313e-27 3.0846e-39 3.4619e-49 2.7417e-57 2.4101e-103 1.0843e-84 1.2696e-65 3.678e-54 3.0635e-48 2.1007e-78 5.5103e-67 1.8335e-58 2.4956e-53 3.6934e-52 7.1576e-50 5.3623e-33 3.5354e-22 2.6419e-45 2.8846e-34 5.0759e-46 9.3601e-61 1.3218e-84 1.8144e-73 6.3083e-66 1.657e-62 1.3869e-77 1.2183e-41 2.4294e-33 1.0426e-28 1.0375e-32 9.143e-40 0.01 6.6296e-11 3.5229e-24 8.7063e-42 1.9408e-63
1.5876e-17 0.92251 7.9367e-21 6.6296e-11 8.4352e-31 4.7217e-29 2.7196e-26 4.459e-40 5.0043e-50 3.9633e-58 1.1533e-101 5.189e-83 6.0758e-64 1.7601e-52 1.466e-46 4.3898e-80 1.1515e-68 3.8315e-60 5.2148e-55 7.718e-54 7.1576e-50 5.3623e-33 3.5354e-22 1.8276e-44 1.9955e-33 3.5114e-45 6.475e-60 2.7621e-86 3.7914e-75 1.3182e-67 3.4625e-64 2.898e-79 5.8303e-40 1.1626e-31 4.9893e-27 4.9649e-31 4.3754e-38 0.01 6.6296e-11 3.5229e-24 8.7063e-42 1.9408e-63
3.3175e-19 0.92251 7.9367e-21 6.6296e-11 5.8352e-30 3.2664e-28 1.8813e-25 6.4457e-41 7.2341e-51 5.7292e-59 5.5193e-100 2.4832e-81 2.9076e-62 8.4229e-51 7.0157e-45 9.1732e-82 2.4062e-70 8.0064e-62 1.0897e-56 1.6128e-55 7.1576e-50 5.3623e-33 3.5354e-22 1.2643e-43 1.3804e-32 2.4291e-44 4.4793e-59 5.7719e-88 7.9227e-77 2.7546e-69 7.2354e-66 6.0559e-81 2.7901e-38 5.5635e-30 2.3876e-25 2.376e-29 2.0938e-36 0.01 6.6296e-11 3.5229e-24 8.7063e-42 1.9408e-63
6.9323e-21 0.92251 7.9367e-21 6.6296e-11 4.0367e-29 2.2596e-27 1.3015e-24 9.3177e-42 1.0457e-51 8.282e-60 2.6413e-98 1.1883e-79 1.3914e-60 4.0308e-49 3.3574e-43 1.9169e-83 5.028e-72 1.6731e-63 2.2771e-58 3.3702e-57 7.1576e-50 5.3623e-33 3.5354e-22 8.7461e-43 9.5494e-32 1.6804e-43 3.0986e-58 1.2061e-89 1.6556e-78 5.7562e-71 1.5119e-67 1.2655e-82 1.3352e-36 2.6624e-28 1.1426e-23 1.137e-27 1.002e-34 0.01 6.6296e-11 3.5229e-24 8.7063e-42 1.9408e-63
1.4486e-22 0.92251 7.9367e-21 6.6296e-11 2.7924e-28 1.5631e-26 9.0031e-24 1.3469e-42 1.5117e-52 1.1972e-60 1.264e-96 5.6867e-78 6.6586e-59 1.9289e-47 1.6067e-41 4.0056e-85 1.0507e-73 3.4961e-65 4.7584e-60 7.0425e-59 7.1576e-50 5.3623e-33 3.5354e-22 6.0503e-42 6.606e-31 1.1624e-42 2.1435e-57 2.5204e-91 3.4595e-80 1.2028e-72 3.1594e-69 2.6444e-84 6.3896e-35 1.2741e-26 5.4679e-22 5.4412e-26 4.7951e-33 0.01 6.6296e-11 3.5229e-24 8.7063e-42 1.9408e-63
3.0271e-24 0.92251 7.9367e-21 6.6296e-11 1.9317e-27 1.0813e-25 6.2281e-23 1.9471e-43 2.1852e-53 1.7306e-61 6.0487e-95 2.7214e-76 3.1865e-57 9.2308e-46 7.6887e-40 8.3703e-87 2.1956e-75 7.3056e-67 9.9434e-62 1.4716e-60 7.1576e-50 5.3623e-33 3.5354e-22 4.1854e-41 4.5699e-30 8.0414e-42 1.4828e-56 5.2667e-93 7.2292e-82 2.5135e-74 6.6021e-71 5.5258e-86 3.0577e-33 6.0971e-25 2.6167e-20 2.6039e-24 2.2947e-31 0.01 6.6296e-11 3.5229e-24 8.7063e-42 1.9408e-63
6.3256e-26 0.92251 7.9367e-21 6.6296e-11 1.3363e-26 7.4803e-25 4.3084e-22 2.8146e-44 3.1589e-54 2.5017e-62 2.8946e-93 1.3023e-74 1.5249e-55 4.4174e-44 3.6794e-38 1.7491e-88 4.5879e-77 1.5266e-68 2.0778e-63 3.0752e-62 7.1576e-50 5.3623e-33 3.5354e-22 2.8954e-40 3.1613e-29 5.5628e-41 1.0258e-55 1.1006e-94 1.5107e-83 5.2524e-76 1.3796e-72 1.1547e-87 1.4633e-31 2.9178e-23 1.2522e-18 1.2461e-22 1.0981e-29 0.01 6.6296e-11 3.5229e-24 8.7063e-42 1.9408e-63
1.3218e-27 0.92251 7.9367e-21 6.6296e-11 9.2443e-26 5.1746e-24 2.9805e-21 4.0687e-45 4.5663e-55 3.6164e-63 1.3852e-91 6.2322e-73 7.2973e-54 2.1139e-42 1.7608e-36 3.655e-90 9.5872e-79 3.1901e-70 4.3419e-65 6.4261e-64 7.1576e-50 5.3623e-33 3.5354e-22 2.0029e-39 2.1869e-28 3.8482e-40 7.0961e-55 2.2998e-96 3.1567e-85 1.0976e-77 2.8829e-74 2.4129e-89 7.0025e-30 1.3963e-21 5.9924e-17 5.9631e-21 5.255e-28 0.01 6.6296e-11 3.523e-24 8.7063e-42 1.9409e-63
2.7621e-29 0.92251 7.9371e-21 6.6293e-11 6.395e-25 3.5795e-23 2.0616e-20 5.8816e-46 6.6012e-56 5.2282e-64 6.6289e-90 2.9823e-71 3.4918e-52 1.0115e-40 8.4248e-35 7.6377e-92 2.0035e-80 6.6668e-72 9.0742e-67 1.3431e-65 7.1579e-50 5.3623e-33 3.5353e-22 1.3856e-38 1.5128e-27 2.6619e-39 4.9083e-54 4.8057e-98 6.5968e-87 2.2937e-79 6.025e-76 5.043e-91 3.351e-28 6.6817e-20 2.8674e-15 2.8533e-19 2.5144e-26 0.01 6.6298e-11 3.5233e-24 8.7074e-42 1.9412e-63
5.7719e-31 0.92261 7.9531e-21 6.6159e-11 4.4239e-24 2.4712e-22 1.4204e-19 8.5022e-47 9.5617e-57 7.5883e-65 3.1723e-88 1.4243e-69 1.6643e-50 4.8113e-39 3.9992e-33 1.596e-93 4.195e-82 1.3988e-73 1.9077e-68 2.8293e-67 7.1724e-50 5.3623e-33 3.5281e-22 9.5851e-38 1.0444e-26 1.834e-38 3.3749e-53 1.0042e-99 1.3813e-88 4.8124e-81 1.2667e-77 1.0624e-92 1.6036e-26 3.1911e-18 1.3667e-13 1.3572e-17 1.1936e-24 0.01 6.6432e-11 3.5375e-24 8.7603e-42 1.9569e-63
