$P_{O_2}$ $\mu_e$ e h $V_{O}^{\times}$ $V_{O}^{\bullet}$ $V_{O}^{\bullet\bullet}$ $O_{i}^{\times}$ $O_{i}^{'}$ $O_{i}^{''}$ $Sn_{i}^{\times}$ $Sn_{i}^{\bullet}$ $Sn_{i}^{\bullet\bullet}$ $Sn_{i}^{\bullet\bullet\bullet}$ $Sn_{i}^{\bullet\bullet\bullet\bullet}$ $V_{Sn}^{\times}$ $V_{Sn}^{'}$ $V_{Sn}^{''}$ $V_{Sn}^{'''}$ $V_{Sn}^{''''}$ $H_{i}^{'}$ $H_{i}^{\times}$ $H_{i}^{\bullet}$ $H_{O}^{\times}$ $H_{O}^{\bullet}$ $H_{O}^{\bullet\bullet}$ $H_{O}^{\bullet\bullet\bullet}$ $H_{Sn}^{\times}$ $H_{Sn}^{'}$ $H_{Sn}^{''}$ $H_{Sn}^{'''}$ $H_{Sn}^{''''}$ $Nb_{i}^{\times}$ $Nb_{i}^{\bullet}$ $Nb_{i}^{\bullet\bullet}$ $Nb_{i}^{\bullet\bullet\bullet}$ $Nb_{i}^{\bullet\bullet\bullet\bullet}$ $Nb_{i}^{\bullet\bullet\bullet\bullet\bullet}$ $Nb_{Sn}^{\times}$ $Nb_{Sn}^{\bullet}$ $Nb_{Sn}^{'}$ $Nb_{Sn}^{''}$ $Nb_{Sn}^{'''}$ $Nb_{Sn}^{''''}$
1 1.729 2.6788e-08 6.6125e-10 8.1987e-20 2.5153e-22 2.4754e-24 4.731e-16 1.2222e-17 2.6526e-18 1.9136e-59 1.6644e-53 2.3355e-47 5.1546e-45 1.9291e-45 5.2584e-32 6.5676e-23 2.9216e-15 2.6285e-09 2.466e-05 9.2268e-22 1.0356e-16 1.0904e-14 1.2068e-26 1.6352e-24 8.8948e-34 1.5663e-44 4.1711e-35 3.7686e-26 5.4191e-19 6.773e-14 4.7785e-18 8.3886e-65 5.1161e-59 6.5056e-55 4.8622e-53 7.3073e-55 2.7466e-57 1.3264e-06 9.8674e-05 5.1361e-11 2.2513e-17 7.8365e-26 2.3554e-36
0.14456 1.7788 4.3353e-08 4.0858e-10 2.1564e-19 4.0878e-22 2.4857e-24 1.7987e-16 7.5208e-18 2.6415e-18 1.3238e-58 7.1145e-53 6.1683e-47 8.4119e-45 1.9452e-45 7.6014e-33 1.5365e-23 1.1062e-15 1.6107e-09 2.4456e-05 1.4933e-21 1.0356e-16 6.7375e-15 3.1741e-26 2.6575e-24 8.9318e-34 9.7181e-45 6.0296e-36 8.8167e-27 2.0518e-19 4.1503e-14 4.7389e-18 9.3152e-64 3.5104e-58 2.7581e-54 1.2737e-52 1.1828e-54 2.747e-57 2.1292e-06 9.7871e-05 1.3343e-10 9.4658e-17 5.3324e-25 2.5939e-35
0.020896 1.8284 7.0076e-08 2.5277e-10 5.6716e-19 6.6516e-22 2.5023e-24 6.8389e-17 4.622e-18 2.624e-18 9.1577e-58 3.0448e-52 1.6332e-46 1.3779e-44 1.9712e-45 1.0988e-33 3.5902e-24 4.1779e-16 9.8329e-10 2.4132e-05 2.4137e-21 1.0356e-16 4.1682e-15 8.3484e-26 4.3242e-24 8.9915e-34 6.0524e-45 8.7162e-37 2.0601e-27 7.7494e-20 2.5337e-14 4.6763e-18 1.0281e-62 2.3969e-57 1.1651e-53 3.3288e-52 1.9124e-54 2.7477e-57 3.3971e-06 9.6603e-05 3.4411e-10 3.9458e-16 3.5929e-24 2.825e-34
0.0030207 1.8779 1.1305e-07 1.5669e-10 1.4917e-18 1.0844e-21 2.5288e-24 2.6002e-17 2.835e-18 2.5965e-18 6.3351e-57 1.3056e-51 4.3411e-46 2.2703e-44 2.0133e-45 1.5884e-34 8.3725e-25 1.5718e-16 5.9679e-10 2.3629e-05 3.8939e-21 1.0356e-16 2.5837e-15 2.1958e-25 7.0499e-24 9.0868e-34 3.7914e-45 1.26e-37 4.8043e-28 2.9155e-20 1.5378e-14 4.5787e-18 1.1239e-61 1.6243e-56 4.8941e-53 8.6673e-52 3.0866e-54 2.749e-57 5.3684e-06 9.4631e-05 8.7728e-10 1.6229e-15 2.3839e-23 3.0239e-33
0.00043666 1.9271 1.8183e-07 9.7413e-11 3.9235e-18 1.7733e-21 2.5709e-24 9.8861e-18 1.7337e-18 2.5541e-18 4.3824e-56 5.6153e-51 1.1607e-45 3.774e-44 2.0807e-45 2.2962e-35 1.9467e-25 5.8784e-17 3.59e-10 2.2863e-05 6.2632e-21 1.0356e-16 1.6063e-15 5.7752e-25 1.1528e-23 9.2378e-34 2.3963e-45 1.8214e-38 1.1171e-28 1.0904e-20 9.2506e-15 4.4303e-18 1.211e-60 1.0881e-55 2.0382e-52 2.2442e-51 4.9686e-54 2.7512e-57 8.3617e-06 9.1636e-05 2.1978e-09 6.5396e-15 1.5452e-22 3.1526e-32
6.3122e-05 1.9757 2.9119e-07 6.0829e-11 1.0319e-17 2.9124e-21 2.6366e-24 3.7587e-18 1.0556e-18 2.4904e-18 3.0316e-55 2.4257e-50 3.131e-45 6.3568e-44 2.1885e-45 3.3192e-36 4.5066e-26 2.1793e-17 2.1314e-10 2.1737e-05 1.003e-20 1.0356e-16 1.0031e-15 1.519e-24 1.8933e-23 9.4739e-34 1.5346e-45 2.6329e-39 2.586e-29 4.0423e-21 5.4921e-15 4.2121e-18 1.2773e-59 7.1664e-55 8.3828e-52 5.7634e-51 7.968e-54 2.7551e-57 1.2749e-05 8.7246e-05 5.3665e-09 2.5571e-14 9.6759e-22 3.1615e-31
9.1247e-06 2.0238 4.6344e-07 3.822e-11 2.7142e-17 4.813e-21 2.7377e-24 1.4291e-18 6.3877e-19 2.3984e-18 2.0972e-54 1.0543e-49 8.5508e-45 1.0908e-43 2.3595e-45 4.7982e-37 1.0368e-26 7.9798e-18 1.2421e-10 2.0161e-05 1.5963e-20 1.0356e-16 6.3024e-16 3.9951e-24 3.1289e-23 9.8372e-34 1.0012e-45 3.8061e-40 5.9495e-30 1.4801e-21 3.2006e-15 3.9067e-18 1.3076e-58 4.6095e-54 3.3878e-51 1.4635e-50 1.2713e-53 2.7619e-57 1.8866e-05 8.1121e-05 1.2639e-08 9.5852e-14 5.7724e-21 3.0017e-30
1.319e-06 2.071 7.3151e-07 2.4214e-11 7.1387e-17 8.0198e-21 2.89e-24 5.4335e-19 3.8335e-19 2.272e-18 1.4508e-53 4.6207e-49 2.3741e-44 1.9187e-43 2.6294e-45 6.9361e-38 2.3658e-27 2.874e-18 7.0613e-11 1.8092e-05 2.5197e-20 1.0356e-16 3.9928e-16 1.0508e-23 5.2136e-23 1.0385e-33 6.696e-46 5.5019e-41 1.3575e-30 5.3309e-22 1.8195e-15 3.5057e-18 1.2871e-57 2.8745e-53 1.3384e-50 3.663e-50 2.0158e-53 2.7745e-57 2.6845e-05 7.3127e-05 2.8387e-08 3.3981e-13 3.2302e-20 2.6514e-29
1.9067e-07 2.1171 1.1428e-06 1.5499e-11 1.8776e-16 1.3502e-20 3.1145e-24 2.0658e-19 2.277e-19 2.1082e-18 1.0036e-52 2.0461e-48 6.7294e-44 3.4813e-43 3.0538e-45 1.0027e-38 5.3427e-28 1.014e-18 3.8919e-11 1.5578e-05 3.9365e-20 1.0356e-16 2.5558e-16 2.7637e-23 8.7775e-23 1.1191e-33 4.619e-46 7.9533e-42 3.0657e-31 1.8808e-22 1.0029e-15 3.0186e-18 1.2082e-56 1.7271e-52 5.1476e-50 9.0178e-50 3.1767e-53 2.7987e-57 3.6426e-05 6.3514e-05 6.0175e-08 1.1253e-12 1.6711e-19 2.1429e-28
2.7563e-08 2.162 1.7636e-06 1.0043e-11 4.9383e-16 2.301e-20 3.4392e-24 7.8544e-20 1.3361e-19 1.9092e-18 6.9427e-52 9.1712e-48 1.9545e-43 6.5513e-43 3.7237e-45 1.4494e-39 1.1919e-28 3.4912e-19 2.0681e-11 1.2775e-05 6.0752e-20 1.0356e-16 1.656e-16 7.269e-23 1.4959e-22 1.2358e-33 3.3049e-46 1.1497e-42 6.8395e-32 6.4757e-23 5.329e-16 2.4755e-18 1.076e-55 9.9668e-52 1.9248e-49 2.1849e-49 4.987e-53 2.8469e-57 4.6896e-05 5.2984e-05 1.1957e-07 3.4508e-12 7.9089e-19 1.5652e-27
3.9844e-09 2.2054 2.6835e-06 6.5996e-12 1.2989e-15 3.9771e-20 3.9064e-24 2.9863e-20 7.7301e-20 1.6809e-18 4.8028e-51 4.1693e-47 5.8388e-43 1.2862e-42 4.804e-45 2.0952e-40 2.6219e-29 1.1686e-19 1.0534e-11 9.9024e-06 9.2448e-20 1.0356e-16 1.0883e-16 1.9119e-22 2.5855e-22 1.4037e-33 2.4669e-46 1.662e-43 1.5045e-32 2.1676e-23 2.7145e-16 1.9188e-18 9.0889e-55 5.5325e-51 7.0213e-49 5.2375e-49 7.856e-53 2.9471e-57 5.7263e-05 4.2515e-05 2.2216e-07 9.7572e-12 3.4029e-18 1.0248e-26
5.7597e-10 2.247 4.0131e-06 4.4127e-12 3.4162e-15 6.9942e-20 4.5934e-24 1.1354e-20 4.3956e-20 1.4295e-18 3.3224e-50 1.9285e-46 1.8058e-42 2.6596e-42 6.6423e-45 3.0287e-41 5.6685e-30 3.7786e-20 5.0942e-12 7.1618e-06 1.3826e-19 1.0356e-16 7.2766e-17 5.0285e-22 4.5469e-22 1.6505e-33 1.9395e-46 2.4025e-44 3.2527e-33 7.0088e-24 1.3127e-16 1.3878e-18 7.3091e-54 2.9748e-50 2.5243e-48 1.259e-48 1.2627e-52 3.1673e-57 6.6567e-05 3.3046e-05 3.8625e-07 2.5371e-11 1.3233e-17 5.9603e-26
8.3261e-11 2.2861 5.8533e-06 3.0251e-12 8.9852e-15 1.2611e-19 5.6776e-24 4.3169e-21 2.4379e-20 1.1565e-18 2.2984e-49 9.1453e-46 5.8705e-42 5.9273e-42 1.0148e-44 4.3782e-42 1.1953e-30 1.1623e-20 2.2858e-12 4.6877e-06 2.0169e-19 1.0356e-16 4.9883e-17 1.3226e-21 8.1983e-22 2.0401e-33 1.6434e-46 3.4729e-45 6.8589e-34 2.1559e-24 5.89e-17 9.0836e-19 5.6315e-53 1.5712e-49 9.1402e-48 3.1252e-48 2.1487e-52 3.6947e-57 7.4141e-05 2.5232e-05 6.2754e-07 6.0129e-11 4.575e-17 3.0058e-25
1.2036e-11 2.3206 8.1712e-06 2.1666e-12 2.3632e-14 2.3756e-19 7.6603e-24 1.6413e-21 1.2941e-20 8.5717e-19 1.59e-48 4.5312e-45 2.0832e-41 1.5065e-41 1.8473e-44 6.329e-43 2.4125e-31 3.2754e-21 8.9936e-13 2.5751e-06 2.816e-19 1.0356e-16 3.5727e-17 3.4786e-21 1.5444e-21 2.7525e-33 1.5881e-46 5.0203e-46 1.3843e-34 6.0754e-25 2.3174e-17 4.99e-19 4.185e-52 8.363e-49 3.4843e-47 8.5327e-48 4.2017e-52 5.1747e-57 7.9645e-05 1.9413e-05 9.4124e-07 1.2592e-10 1.3377e-16 1.2271e-24
1.7399e-12 2.3463 1.0479e-05 1.6892e-12 6.2157e-14 4.8713e-19 1.2246e-23 6.2403e-22 6.3111e-21 5.3618e-19 1.0999e-47 2.4438e-44 8.7595e-41 4.9385e-41 4.7213e-44 9.1489e-44 4.4732e-32 7.7897e-22 2.7435e-13 1.0076e-06 3.612e-19 1.0356e-16 2.7854e-17 9.1493e-21 3.1668e-21 4.4004e-33 1.9794e-46 7.2572e-47 2.5668e-35 1.4449e-25 7.0693e-18 1.9525e-19 3.0161e-51 4.6989e-48 1.5263e-46 2.9141e-47 1.1187e-51 1.0742e-56 8.2974e-05 1.5768e-05 1.2577e-06 2.1582e-10 2.9408e-16 3.4602e-24
2.5151e-13 2.3588 1.1821e-05 1.4973e-12 1.6348e-13 1.1357e-18 2.5307e-23 2.3726e-22 2.7071e-21 2.5946e-19 7.6087e-47 1.4985e-43 4.761e-40 2.3793e-40 2.0162e-43 1.3225e-44 7.295e-33 1.4332e-22 5.6945e-14 2.3594e-07 4.0749e-19 1.0356e-16 2.469e-17 2.4064e-20 7.383e-21 9.0934e-33 3.6257e-46 1.0491e-47 4.186e-36 2.6584e-26 1.4673e-18 4.572e-20 2.121e-50 2.929e-47 8.4334e-46 1.4272e-46 4.8567e-51 4.1335e-56 8.4349e-05 1.4208e-05 1.4425e-06 2.7924e-10 4.2926e-16 5.6981e-24
3.6357e-14 2.362 1.2187e-05 1.4523e-12 4.2998e-13 2.8973e-18 6.2625e-23 9.0208e-23 1.0611e-21 1.0485e-19 5.2635e-46 1.0055e-42 3.0987e-39 1.5021e-39 1.2347e-42 1.9118e-45 1.0872e-33 2.202e-23 9.02e-15 3.853e-08 4.201e-19 1.0356e-16 2.3949e-17 6.3292e-20 1.8835e-20 2.2503e-32 8.7028e-46 1.5165e-48 6.2384e-37 4.0844e-27 2.3242e-19 7.4661e-21 1.4729e-49 1.9729e-46 5.51e-45 9.0448e-46 2.9855e-50 2.4646e-55 8.4673e-05 1.3834e-05 1.4928e-06 2.9793e-10 4.7217e-16 6.4616e-24
5.2556e-15 2.3625 1.2249e-05 1.445e-12 1.1309e-12 7.5821e-18 1.6306e-22 3.4297e-23 4.0548e-22 4.0269e-20 3.6411e-45 6.9207e-42 2.1221e-38 1.0235e-38 8.3701e-42 2.7636e-46 1.5795e-34 3.2154e-24 1.3238e-15 5.6834e-09 4.2223e-19 1.0356e-16 2.3828e-17 1.6647e-19 4.929e-20 5.859e-32 2.2545e-45 2.1922e-49 9.0637e-38 5.9642e-28 3.4112e-20 1.1013e-21 1.0195e-48 1.3588e-45 3.7757e-44 6.1666e-45 2.0252e-49 1.6635e-54 8.4725e-05 1.3773e-05 1.5013e-06 3.0114e-10 4.7968e-16 6.5977e-24
7.5973e-16 2.3626 1.2258e-05 1.4439e-12 2.9745e-12 1.9927e-17 4.2822e-22 1.304e-23 1.5428e-22 1.5334e-20 2.5188e-44 4.7839e-41 1.4658e-37 7.0642e-38 5.7729e-41 3.995e-47 2.285e-35 4.6551e-25 1.918e-16 8.2404e-10 4.2255e-19 1.0356e-16 2.381e-17 4.3784e-19 1.2954e-19 1.5387e-31 5.9165e-45 3.169e-50 1.3112e-38 8.6345e-29 4.9421e-21 1.5968e-22 7.0534e-48 9.3935e-45 2.6082e-43 4.2567e-44 1.3969e-48 1.1465e-53 8.4733e-05 1.3764e-05 1.5026e-06 3.0162e-10 4.808e-16 6.618e-24
1.0982e-16 2.3626 1.2259e-05 1.4438e-12 7.8234e-12 5.2406e-17 1.1261e-21 4.9579e-24 5.8664e-23 5.8311e-21 1.7425e-43 3.309e-40 1.0138e-36 4.8852e-37 3.9918e-40 5.775e-48 3.3035e-36 6.7306e-26 2.7734e-17 1.1917e-10 4.2259e-19 1.0356e-16 2.3807e-17 1.1516e-18 3.4069e-19 4.0462e-31 1.5556e-44 4.5809e-51 1.8956e-39 1.2484e-29 7.1465e-22 2.3092e-23 4.8794e-47 6.4976e-44 1.8039e-42 2.9438e-43 9.6595e-48 7.9273e-53 8.4734e-05 1.3763e-05 1.5027e-06 3.0169e-10 4.8096e-16 6.621e-24
1.5876e-17 2.3626 1.2259e-05 1.4437e-12 2.0577e-11 1.3783e-16 2.9616e-21 1.885e-24 2.2305e-23 2.2171e-21 1.2054e-42 2.2891e-39 7.0128e-36 3.3793e-36 2.7613e-39 8.3481e-49 4.7755e-37 9.7299e-27 4.0093e-18 1.7228e-11 4.226e-19 1.0356e-16 2.3807e-17 3.0288e-18 8.9604e-19 1.0642e-30 4.0913e-44 6.622e-52 2.7403e-40 1.8048e-30 1.0331e-22 3.3384e-24 3.3755e-46 4.4948e-43 1.2479e-41 2.0363e-42 6.6818e-47 5.4835e-52 8.4734e-05 1.3763e-05 1.5028e-06 3.017e-10 4.8099e-16 6.6214e-24
2.2949e-18 2.3626 1.2259e-05 1.4437e-12 5.412e-11 3.6252e-16 7.7894e-21 7.167e-25 8.4805e-24 8.4296e-22 8.3385e-42 1.5835e-38 4.8512e-35 2.3377e-35 1.9101e-38 1.2068e-49 6.9033e-38 1.4065e-27 5.7958e-19 2.4904e-12 4.226e-19 1.0356e-16 2.3807e-17 7.9663e-18 2.3567e-18 2.7989e-30 1.0761e-43 9.5725e-53 3.9613e-41 2.6089e-31 1.4934e-23 4.8259e-25 2.3351e-45 3.1094e-42 8.6325e-41 1.4087e-41 4.6222e-46 3.7933e-51 8.4734e-05 1.3763e-05 1.5028e-06 3.017e-10 4.8099e-16 6.6215e-24
3.3175e-19 2.3626 1.2259e-05 1.4437e-12 1.4234e-10 9.5349e-16 2.0487e-20 2.7249e-25 3.2243e-24 3.205e-22 5.7684e-41 1.0954e-37 3.356e-34 1.6172e-34 1.3214e-37 1.7445e-50 9.9792e-39 2.0332e-28 8.3782e-20 3.6001e-13 4.226e-19 1.0356e-16 2.3807e-17 2.0953e-17 6.1986e-18 7.3616e-30 2.8303e-43 1.3838e-53 5.7262e-42 3.7713e-32 2.1589e-24 6.9761e-26 1.6153e-44 2.151e-41 5.9717e-40 9.7447e-41 3.1975e-45 2.6241e-50 8.4734e-05 1.3763e-05 1.5028e-06 3.017e-10 4.8099e-16 6.6215e-24
4.7956e-20 2.3626 1.2259e-05 1.4437e-12 3.7439e-10 2.5078e-15 5.3885e-20 1.036e-25 1.2259e-24 1.2186e-22 3.9904e-40 7.5779e-37 2.3216e-33 1.1187e-33 9.141e-37 2.5217e-51 1.4426e-39 2.9391e-29 1.2111e-20 5.2041e-14 4.226e-19 1.0356e-16 2.3807e-17 5.5109e-17 1.6303e-17 1.9362e-29 7.444e-43 2.0003e-54 8.2776e-43 5.4517e-33 3.1208e-25 1.0084e-26 1.1174e-43 1.488e-40 4.1311e-39 6.7411e-40 2.212e-44 1.8153e-49 8.4734e-05 1.3763e-05 1.5028e-06 3.017e-10 4.8099e-16 6.6215e-24
6.9323e-21 2.3626 1.2259e-05 1.4437e-12 9.847e-10 6.596e-15 1.4173e-19 3.939e-26 4.661e-25 4.633e-23 2.7605e-39 5.2422e-36 1.606e-32 7.7389e-33 6.3235e-36 3.6453e-52 2.0853e-40 4.2487e-30 1.7507e-21 7.5229e-15 4.226e-19 1.0356e-16 2.3807e-17 1.4494e-16 4.288e-17 5.0926e-29 1.9579e-42 2.8916e-55 1.1966e-43 7.8807e-34 4.5113e-26 1.4578e-27 7.7301e-43 1.0293e-39 2.8578e-38 4.6633e-39 1.5302e-43 1.2557e-48 8.4734e-05 1.3763e-05 1.5028e-06 3.017e-10 4.8099e-16 6.6215e-24
1.0021e-21 2.3626 1.2259e-05 1.4437e-12 2.5899e-09 1.7348e-14 3.7276e-19 1.4976e-26 1.7721e-25 1.7615e-23 1.9096e-38 3.6264e-35 1.111e-31 5.3536e-32 4.3744e-35 5.2695e-53 3.0144e-41 6.1417e-31 2.5308e-22 1.0875e-15 4.226e-19 1.0356e-16 2.3807e-17 3.8123e-16 1.1278e-16 1.3394e-28 5.1496e-42 4.18e-56 1.7297e-44 1.1392e-34 6.5213e-27 2.1073e-28 5.3475e-42 7.1207e-39 1.9769e-37 3.226e-38 1.0585e-42 8.6869e-48 8.4734e-05 1.3763e-05 1.5028e-06 3.017e-10 4.8099e-16 6.6215e-24
1.4486e-22 2.3626 1.2259e-05 1.4437e-12 6.8119e-09 4.5629e-14 9.8042e-19 5.6941e-27 6.7377e-26 6.6973e-24 1.321e-37 2.5086e-34 7.6854e-31 3.7034e-31 3.0261e-34 7.6175e-54 4.3575e-42 8.8783e-32 3.6584e-23 1.572e-16 4.226e-19 1.0356e-16 2.3807e-17 1.0027e-15 2.9663e-16 3.5229e-28 1.3544e-41 6.0424e-57 2.5004e-45 1.6468e-35 9.427e-28 3.0462e-29 3.6993e-41 4.9259e-38 1.3676e-36 2.2316e-37 7.3227e-42 6.0094e-47 8.4734e-05 1.3763e-05 1.5028e-06 3.017e-10 4.8099e-16 6.6215e-24
2.0941e-23 2.3626 1.2259e-05 1.4437e-12 1.7916e-08 1.2001e-13 2.5787e-18 2.1649e-27 2.5617e-26 2.5463e-24 9.1384e-37 1.7354e-33 5.3166e-30 2.5619e-30 2.0934e-33 1.1012e-54 6.2991e-43 1.2834e-32 5.2885e-24 2.2725e-17 4.226e-19 1.0356e-16 2.3807e-17 2.6372e-15 7.8019e-16 9.2658e-28 3.5623e-41 8.7347e-58 3.6145e-46 2.3806e-36 1.3627e-28 4.4035e-30 2.559e-40 3.4076e-37 9.4605e-36 1.5438e-36 5.0656e-41 4.1571e-46 8.4734e-05 1.3763e-05 1.5028e-06 3.017e-10 4.8099e-16 6.6215e-24
3.0271e-24 2.3626 1.2259e-05 1.4437e-12 4.7123e-08 3.1565e-13 6.7823e-18 8.2312e-28 9.7398e-27 9.6813e-25 6.3217e-36 1.2005e-32 3.6779e-29 1.7723e-29 1.4481e-32 1.5918e-55 9.1057e-44 1.8552e-33 7.6449e-25 3.285e-18 4.226e-19 1.0356e-16 2.3807e-17 6.9363e-15 2.052e-15 2.437e-27 9.3695e-41 1.2626e-58 5.225e-47 3.4412e-37 1.9699e-29 6.3655e-31 1.7703e-39 2.3573e-36 6.5445e-35 1.0679e-35 3.5043e-40 2.8758e-45 8.4734e-05 1.3763e-05 1.5028e-06 3.017e-10 4.8099e-16 6.6215e-24
4.3759e-25 2.3626 1.2259e-05 1.4437e-12 1.2394e-07 8.3021e-13 1.7839e-17 3.1295e-28 3.7031e-27 3.6809e-25 4.3732e-35 8.3048e-32 2.5442e-28 1.226e-28 1.0018e-31 2.301e-56 1.3163e-44 2.6819e-34 1.1051e-25 4.7486e-19 4.226e-19 1.0356e-16 2.3807e-17 1.8244e-14 5.3971e-15 6.4098e-27 2.4643e-40 1.8252e-59 7.5531e-48 4.9745e-38 2.8476e-30 9.2017e-32 1.2246e-38 1.6307e-35 4.5273e-34 7.3878e-35 2.4241e-39 1.9894e-44 8.4734e-05 1.3763e-05 1.5028e-06 3.017e-10 4.8099e-16 6.6215e-24
6.3256e-26 2.3626 1.2259e-05 1.4437e-12 3.2598e-07 2.1836e-12 4.6918e-17 1.1899e-28 1.4079e-27 1.3995e-25 3.0252e-34 5.745e-31 1.76e-27 8.4812e-28 6.93e-31 3.3263e-57 1.9028e-45 3.8768e-35 1.5975e-26 6.8645e-20 4.226e-19 1.0356e-16 2.3807e-17 4.7984e-14 1.4195e-14 1.6859e-26 6.4816e-40 2.6385e-60 1.0918e-48 7.191e-39 4.1164e-31 1.3302e-32 8.4716e-38 1.1281e-34 3.1319e-33 5.1106e-34 1.677e-38 1.3762e-43 8.4734e-05 1.3763e-05 1.5028e-06 3.017e-10 4.8099e-16 6.6215e-24
9.144e-27 2.3626 1.2259e-05 1.4437e-12 8.5739e-07 5.7432e-12 1.234e-16 4.524e-29 5.3531e-28 5.321e-26 2.0928e-33 3.9742e-30 1.2175e-26 5.8671e-27 4.794e-30 4.8083e-58 2.7506e-46 5.6042e-36 2.3093e-27 9.923e-21 4.226e-19 1.0356e-16 2.3807e-17 1.262e-13 3.7336e-14 4.4341e-26 1.7047e-39 3.8141e-61 1.5783e-49 1.0395e-39 5.9505e-32 1.9228e-33 5.8604e-37 7.8037e-34 2.1665e-32 3.5354e-33 1.1601e-37 9.5202e-43 8.4734e-05 1.3763e-05 1.5028e-06 3.017e-10 4.8099e-16 6.6215e-24
1.3218e-27 2.3626 1.2259e-05 1.4437e-12 2.2551e-06 1.5105e-11 3.2457e-16 1.72e-29 2.0353e-28 2.0231e-26 1.4477e-32 2.7493e-29 8.4226e-26 4.0587e-26 3.3164e-29 6.9507e-59 3.9761e-47 8.1012e-37 3.3382e-28 1.4344e-21 4.226e-19 1.0356e-16 2.3807e-17 3.3194e-13 9.8199e-14 1.1662e-25 4.4838e-39 5.5135e-62 2.2816e-50 1.5027e-40 8.6019e-33 2.7796e-34 4.0541e-36 5.3984e-33 1.4988e-31 2.4457e-32 8.025e-37 6.5858e-42 8.4734e-05 1.3763e-05 1.5028e-06 3.017e-10 4.8099e-16 6.6215e-24
1.9108e-28 2.3626 1.2259e-05 1.4437e-12 5.9312e-06 3.9729e-11 8.5366e-16 6.5397e-30 7.7382e-29 7.6918e-27 1.0015e-31 1.9019e-28 5.8265e-25 2.8077e-25 2.2942e-28 1.0048e-59 5.7478e-48 1.1711e-37 4.8256e-29 2.0736e-22 4.226e-19 1.0356e-16 2.3807e-17 8.7305e-13 2.5828e-13 3.0674e-25 1.1793e-38 7.9701e-63 3.2982e-51 2.1722e-41 1.2435e-33 4.0181e-35 2.8045e-35 3.7345e-32 1.0368e-30 1.6919e-31 5.5515e-36 4.5558e-41 8.4734e-05 1.3763e-05 1.5028e-06 3.017e-10 4.8099e-16 6.6215e-24
2.7621e-29 2.3626 1.2259e-05 1.4437e-12 1.56e-05 1.0449e-10 2.2452e-15 2.4864e-30 2.9421e-29 2.9245e-27 6.9281e-31 1.3157e-27 4.0306e-24 1.9423e-24 1.587e-27 1.4525e-60 8.3088e-49 1.6929e-38 6.9758e-30 2.9975e-23 4.226e-19 1.0356e-16 2.3807e-17 2.2962e-12 6.7931e-13 8.0677e-25 3.1017e-38 1.1521e-63 4.7677e-52 3.1401e-42 1.7975e-34 5.8084e-36 1.9401e-34 2.5834e-31 7.1722e-30 1.1704e-30 3.8403e-35 3.1516e-40 8.4734e-05 1.3763e-05 1.5028e-06 3.017e-10 4.81e-16 6.6216e-24
3.9929e-30 2.3626 1.2259e-05 1.4437e-12 4.103e-05 2.7484e-10 5.9053e-15 9.4535e-31 1.1186e-29 1.1119e-27 4.7927e-30 9.1013e-27 2.7882e-23 1.3436e-23 1.0978e-26 2.0996e-61 1.2011e-49 2.4472e-39 1.0084e-30 4.3332e-24 4.226e-19 1.0356e-16 2.3807e-17 6.0395e-12 1.7867e-12 2.1219e-24 8.1578e-38 1.6655e-64 6.8921e-53 4.5392e-43 2.5985e-35 8.3967e-37 1.3421e-33 1.7871e-30 4.9615e-29 8.0962e-30 2.6566e-34 2.1801e-39 8.4734e-05 1.3762e-05 1.5028e-06 3.0171e-10 4.8101e-16 6.6218e-24
5.7719e-31 2.3626 1.226e-05 1.4437e-12 0.00010792 7.2285e-10 1.5531e-14 3.5943e-31 4.2531e-30 4.2277e-28 3.3154e-29 6.2959e-26 1.9288e-22 9.294e-23 7.5939e-26 3.0351e-62 1.7363e-50 3.5377e-40 1.4578e-31 6.2643e-25 4.2261e-19 1.0356e-16 2.3806e-17 1.5885e-11 4.6992e-12 5.5808e-24 2.1455e-37 2.4076e-65 9.9631e-54 6.5619e-44 3.7564e-36 1.2139e-37 9.2843e-33 1.2363e-29 3.4321e-28 5.6004e-29 1.8376e-33 1.508e-38 8.4735e-05 1.3762e-05 1.5028e-06 3.0172e-10 4.8103e-16 6.6222e-24
