$P_{O_2}$ $\mu_e$ e h $V_{O}^{\times}$ $V_{O}^{\bullet}$ $V_{O}^{\bullet\bullet}$ $O_{i}^{\times}$ $O_{i}^{'}$ $O_{i}^{''}$ $Sn_{i}^{\times}$ $Sn_{i}^{\bullet}$ $Sn_{i}^{\bullet\bullet}$ $Sn_{i}^{\bullet\bullet\bullet}$ $Sn_{i}^{\bullet\bullet\bullet\bullet}$ $V_{Sn}^{\times}$ $V_{Sn}^{'}$ $V_{Sn}^{''}$ $V_{Sn}^{'''}$ $V_{Sn}^{''''}$ $H_{i}^{'}$ $H_{i}^{\times}$ $H_{i}^{\bullet}$ $H_{O}^{\times}$ $H_{O}^{\bullet}$ $H_{O}^{\bullet\bullet}$ $H_{O}^{\bullet\bullet\bullet}$ $H_{Sn}^{\times}$ $H_{Sn}^{'}$ $H_{Sn}^{''}$ $H_{Sn}^{'''}$ $H_{Sn}^{''''}$ $Zn_{i}^{\times}$ $Zn_{i}^{\bullet}$ $Zn_{i}^{\bullet\bullet}$ $Zn_{Sn}^{''}$ $Zn_{Sn}^{'''}$ $Zn_{Sn}^{''''}$
1 0.1841 4.9811e-27 0.00010466 3.3609e-39 2.9977e-31 2.7511e-22 1.1191e-31 7.8825e-48 3.918e-62 1.831e-118 1.3126e-93 2.4489e-68 1.1304e-50 1.5002e-38 2.7651e-63 4.552e-58 9.506e-56 8.12e-57 7.5424e-62 4.4921e-56 5.3623e-33 5.6332e-16 7.2821e-53 1.2669e-35 3.552e-41 1.0437e-49 1.7398e-69 1.4988e-64 3.2706e-63 5.3915e-66 2.8321e-87 2.8992e-40 1.3064e-18 0.0049738 0.0050262 6.2533e-24 6.0067e-51
0.020896 0.23402 1.308e-26 4.0084e-05 2.325e-38 7.8971e-31 2.76e-22 1.6177e-32 2.9921e-48 3.9053e-62 8.7623e-117 2.3921e-92 1.6995e-67 2.9875e-50 1.5099e-38 5.7781e-65 2.4978e-59 1.3697e-56 3.0724e-57 7.4938e-62 1.1796e-55 5.3623e-33 2.1452e-16 5.0375e-52 3.3375e-35 3.5635e-41 3.9873e-50 3.6357e-71 8.2244e-66 4.7126e-64 2.04e-66 2.8139e-87 2.0056e-39 3.4415e-18 0.00499 0.00501 1.6368e-23 4.1286e-50
0.00043666 0.28399 3.4381e-26 1.5283e-05 1.6084e-37 2.0783e-30 2.7634e-22 2.3385e-33 1.1369e-48 3.9005e-62 4.1932e-115 4.355e-91 1.1772e-66 7.8721e-50 1.5137e-38 1.2074e-66 1.372e-60 1.9776e-57 1.166e-57 7.4753e-62 3.1006e-55 5.3623e-33 8.1614e-17 3.4848e-51 8.7835e-35 3.5679e-41 1.5188e-50 7.5973e-73 4.5174e-67 6.8038e-65 7.7417e-67 2.8069e-87 1.3874e-38 9.0574e-18 0.0049962 0.0050038 4.297e-23 2.849e-49
9.1247e-06 0.33398 9.0406e-26 5.8171e-06 1.1126e-36 5.4677e-30 2.7647e-22 3.3805e-34 4.3216e-49 3.8987e-62 2.0066e-113 7.9257e-90 8.1471e-66 2.072e-49 1.5151e-38 2.5231e-68 7.5386e-62 2.8573e-58 4.4299e-58 7.4682e-62 8.1531e-55 5.3623e-33 3.1037e-17 2.4107e-50 2.3107e-34 3.5696e-41 5.7787e-51 1.5876e-74 2.4822e-68 9.8307e-66 2.9413e-67 2.8042e-87 9.5979e-38 2.3828e-17 0.0049985 0.0050015 1.1294e-22 1.969e-48
1.9067e-07 0.38397 2.3776e-25 2.2126e-06 7.6969e-36 1.4382e-29 2.7652e-22 4.8867e-35 1.643e-49 3.898e-62 9.6028e-112 1.4422e-88 5.637e-65 5.451e-49 1.5156e-38 5.2724e-70 4.1429e-63 4.1297e-59 1.6838e-58 7.4655e-62 2.1442e-54 5.3623e-33 1.1802e-17 1.6677e-49 6.0782e-34 3.5703e-41 2.1977e-51 3.3174e-76 1.3641e-69 1.4208e-66 1.118e-67 2.8032e-87 6.6395e-37 6.2677e-17 0.0049994 0.0050006 2.9696e-22 1.3616e-47
3.9844e-09 0.43397 6.2533e-25 8.4137e-07 5.3245e-35 3.7829e-29 2.7654e-22 7.064e-36 6.2464e-50 3.8977e-62 4.5954e-110 2.6241e-87 3.8998e-64 1.4339e-48 1.5158e-38 1.1017e-71 2.2769e-64 5.9693e-60 6.4013e-59 7.4645e-62 5.6394e-54 5.3623e-33 4.4872e-18 1.1536e-48 1.5987e-33 3.5705e-41 8.3566e-52 6.9323e-78 7.4972e-71 2.0538e-67 4.2503e-68 2.8028e-87 4.5931e-36 1.6486e-16 0.0049998 0.0050002 7.8098e-22 9.4179e-47
8.3261e-11 0.48397 1.6447e-24 3.1991e-07 3.6833e-34 9.9496e-29 2.7655e-22 1.0212e-36 2.3749e-50 3.8976e-62 2.1991e-108 4.7745e-86 2.6978e-63 3.7714e-48 1.5159e-38 2.3023e-73 1.2514e-65 8.6288e-61 2.4337e-59 7.4641e-62 1.4832e-53 5.3623e-33 1.7061e-18 7.9806e-48 4.2049e-33 3.5706e-41 3.1774e-52 1.4486e-79 4.1205e-72 2.9688e-68 1.6159e-68 2.8027e-87 3.1773e-35 4.336e-16 0.0049999 0.0050001 2.054e-21 6.5147e-46
1.7399e-12 0.53397 4.3258e-24 1.2164e-07 2.548e-33 2.6169e-28 2.7655e-22 1.4761e-37 9.0294e-51 3.8975e-62 1.0524e-106 8.6872e-85 1.8663e-62 9.9196e-48 1.5159e-38 4.8109e-75 6.8778e-67 1.2473e-61 9.253e-60 7.4639e-62 3.9011e-53 5.3623e-33 6.4866e-19 5.5207e-47 1.106e-32 3.5707e-41 1.2081e-52 3.0271e-81 2.2646e-73 4.2915e-69 6.1437e-69 2.8026e-87 2.198e-34 1.1404e-15 0.005 0.005 5.4023e-21 4.5066e-45
3.6357e-14 0.58397 1.1377e-23 4.6247e-08 1.7627e-32 6.8829e-28 2.7655e-22 2.1338e-38 3.433e-51 3.8975e-62 5.0362e-105 1.5806e-83 1.2911e-61 2.609e-47 1.516e-38 1.0053e-76 3.7801e-68 1.8031e-62 3.518e-60 7.4639e-62 1.026e-52 5.3623e-33 2.4663e-19 3.8191e-46 2.9089e-32 3.5707e-41 4.5932e-53 6.3255e-83 1.2447e-74 6.2036e-70 2.3359e-69 2.8026e-87 1.5205e-33 2.9996e-15 0.005 0.005 1.4209e-20 3.1175e-44
7.5973e-16 0.63397 2.9924e-23 1.7583e-08 1.2194e-31 1.8103e-27 2.7655e-22 3.0846e-39 1.3052e-51 3.8975e-62 2.4101e-103 2.8759e-82 8.9312e-61 6.8621e-47 1.516e-38 2.1007e-78 2.0776e-69 2.6065e-63 1.3376e-60 7.4638e-62 2.6987e-52 5.3623e-33 9.3769e-20 2.6419e-45 7.6508e-32 3.5707e-41 1.7463e-53 1.3218e-84 6.8408e-76 8.9677e-71 8.8811e-70 2.8026e-87 1.0519e-32 7.8893e-15 0.005 0.005 3.7371e-20 2.1566e-43
1.5876e-17 0.68397 7.8706e-23 6.6853e-09 8.4352e-31 4.7614e-27 2.7655e-22 4.459e-40 4.9626e-52 3.8975e-62 1.1533e-101 5.2326e-81 6.1784e-60 1.8049e-46 1.516e-38 4.3898e-80 1.1419e-70 3.7678e-64 5.0855e-61 7.4638e-62 7.0979e-52 5.3623e-33 3.5651e-20 1.8276e-44 2.0123e-31 3.5707e-41 6.6397e-54 2.7621e-86 3.7598e-77 1.2963e-71 3.3766e-70 2.8026e-87 7.2764e-32 2.075e-14 0.005 0.005 9.8292e-20 1.4919e-42
3.3175e-19 0.73397 2.0701e-22 2.5418e-09 5.8352e-30 1.2523e-26 2.7655e-22 6.4457e-41 1.8868e-52 3.8975e-62 5.5193e-100 9.5205e-80 4.274e-59 4.747e-46 1.516e-38 9.1732e-82 6.2758e-72 5.4466e-65 1.9335e-61 7.4638e-62 1.8669e-51 5.3623e-33 1.3555e-20 1.2643e-43 5.2926e-31 3.5707e-41 2.5245e-54 5.7719e-88 2.0664e-78 1.8739e-72 1.2838e-70 2.8026e-87 5.0336e-31 5.4576e-14 0.005 0.005 2.5852e-19 1.032e-41
6.9323e-21 0.78397 5.4446e-22 9.664e-10 4.0367e-29 3.2938e-26 2.7655e-22 9.3177e-42 7.1738e-53 3.8975e-62 2.6413e-98 1.7322e-78 2.9566e-58 1.2485e-45 1.516e-38 1.9169e-83 3.4493e-73 7.8735e-66 7.3514e-62 7.4638e-62 4.9101e-51 5.3623e-33 5.1536e-21 8.7461e-43 1.392e-30 3.5707e-41 9.5981e-55 1.2061e-89 1.1357e-79 2.7089e-73 4.8811e-71 2.8026e-87 3.4821e-30 1.4354e-13 0.005 0.005 6.7996e-19 7.1394e-41
1.4486e-22 0.83397 1.432e-21 3.6743e-10 2.7924e-28 8.6633e-26 2.7655e-22 1.3469e-42 2.7275e-53 3.8975e-62 1.264e-96 3.1517e-77 2.0453e-57 3.2839e-45 1.516e-38 4.0056e-85 1.8957e-74 1.1382e-66 2.795e-62 7.4638e-62 1.2914e-50 5.3623e-33 1.9594e-21 6.0503e-42 3.6613e-30 3.5707e-41 3.6493e-55 2.5204e-91 6.2421e-81 3.9159e-74 1.8558e-71 2.8026e-87 2.4088e-29 3.7754e-13 0.005 0.005 1.7884e-18 4.9388e-40
3.0271e-24 0.88397 3.7664e-21 1.397e-10 1.9317e-27 2.2786e-25 2.7655e-22 1.9471e-43 1.037e-53 3.8975e-62 6.0487e-95 5.7345e-76 1.4149e-56 8.6371e-45 1.516e-38 8.3703e-87 1.0419e-75 1.6453e-67 1.0627e-62 7.4638e-62 3.3967e-50 5.3623e-33 7.4499e-22 4.1854e-41 9.6297e-30 3.5707e-41 1.3875e-55 5.2667e-93 3.4307e-82 5.6606e-75 7.056e-72 2.8026e-87 1.6664e-28 9.93e-13 0.005 0.005 4.7038e-18 3.4165e-39
6.3256e-26 0.93397 9.9064e-21 5.3114e-11 1.3363e-26 5.993e-25 2.7655e-22 2.8146e-44 3.9428e-54 3.8975e-62 2.8946e-93 1.0434e-74 9.7879e-56 2.2717e-44 1.516e-38 1.7491e-88 5.7265e-77 2.3783e-68 4.0404e-63 7.4638e-62 8.9339e-50 5.3623e-33 2.8325e-22 2.8954e-40 2.5328e-29 3.5707e-41 5.2752e-56 1.1006e-94 1.8855e-83 8.1828e-76 2.6827e-72 2.8026e-87 1.1527e-27 2.6117e-12 0.005 0.005 1.2372e-17 2.3635e-38
1.3218e-27 0.98397 2.6055e-20 2.0194e-11 9.2443e-26 1.5763e-24 2.7655e-22 4.0687e-45 1.4991e-54 3.8975e-62 1.3852e-91 1.8984e-73 6.771e-55 5.9749e-44 1.516e-38 3.655e-90 3.1473e-78 3.438e-69 1.5362e-63 7.4638e-62 2.3497e-49 5.3623e-33 1.0769e-22 2.0029e-39 6.6616e-29 3.5707e-41 2.0057e-56 2.2998e-96 1.0363e-84 1.1829e-76 1.02e-72 2.8026e-87 7.9744e-27 6.8693e-12 0.005 0.005 3.2539e-17 1.635e-37
2.7621e-29 1.034 6.8529e-20 7.678e-12 6.395e-25 4.1458e-24 2.7655e-22 5.8816e-46 5.6995e-55 3.8975e-62 6.6289e-90 3.4541e-72 4.684e-54 1.5715e-43 1.516e-38 7.6377e-92 1.7298e-79 4.9699e-70 5.8407e-64 7.4638e-62 6.1802e-49 5.3623e-33 4.0945e-23 1.3856e-38 1.7521e-28 3.5707e-41 7.6257e-57 4.8057e-98 5.6957e-86 1.7099e-77 3.878e-73 2.8026e-87 5.5165e-26 1.8067e-11 0.005 0.005 8.5584e-17 1.131e-36
5.7719e-31 1.084 1.8024e-19 2.9192e-12 4.4239e-24 1.0904e-23 2.7655e-22 8.5022e-47 2.167e-55 3.8975e-62 3.1723e-88 6.2846e-71 3.2403e-53 4.1333e-43 1.516e-38 1.596e-93 9.5072e-81 7.1843e-71 2.2206e-64 7.4638e-62 1.6255e-48 5.3623e-33 1.5568e-23 9.5851e-38 4.6083e-28 3.5707e-41 2.8993e-57 1.0042e-99 3.1304e-87 2.4718e-78 1.4744e-73 2.8026e-87 3.8161e-25 4.752e-11 0.005 0.005 2.251e-16 7.8242e-36
