$P_{O_2}$ $\mu_e$ e h $V_{O}^{\times}$ $V_{O}^{\bullet}$ $V_{O}^{\bullet\bullet}$ $O_{i}^{\times}$ $O_{i}^{'}$ $O_{i}^{''}$ $Sn_{i}^{\times}$ $Sn_{i}^{\bullet}$ $Sn_{i}^{\bullet\bullet}$ $Sn_{i}^{\bullet\bullet\bullet}$ $Sn_{i}^{\bullet\bullet\bullet\bullet}$ $V_{Sn}^{\times}$ $V_{Sn}^{'}$ $V_{Sn}^{''}$ $V_{Sn}^{'''}$ $V_{Sn}^{''''}$ $H_{i}^{'}$ $H_{i}^{\times}$ $H_{i}^{\bullet}$ $H_{O}^{\times}$ $H_{O}^{\bullet}$ $H_{O}^{\bullet\bullet}$ $H_{O}^{\bullet\bullet\bullet}$ $H_{Sn}^{\times}$ $H_{Sn}^{'}$ $H_{Sn}^{''}$ $H_{Sn}^{'''}$ $H_{Sn}^{''''}$ $Ni_{i}^{\times}$ $Ni_{i}^{\bullet}$ $Ni_{i}^{\bullet\bullet}$ $Ni_{i}^{\bullet\bullet\bullet}$ $Ni_{i}^{\bullet\bullet\bullet\bullet}$ $Ni_{Sn}^{\times}$ $Ni_{Sn}^{'}$ $Ni_{Sn}^{''}$ $Ni_{Sn}^{'''}$ $Ni_{Sn}^{''''}$
1 0.78703 2.9635e-12 5.9762e-06 8.1987e-20 2.2737e-18 2.0226e-16 4.731e-16 1.3522e-21 3.2465e-26 1.9136e-59 1.5045e-49 1.9082e-39 3.807e-33 1.2878e-29 5.2584e-32 7.2658e-27 3.5757e-23 3.559e-21 3.6939e-21 1.0208e-25 1.0356e-16 9.8562e-11 1.2068e-26 1.4781e-20 7.2676e-26 1.1568e-32 4.1711e-35 4.1692e-30 6.6325e-27 9.1706e-26 7.1578e-34 1.2332e-25 1.7882e-19 5.1223e-16 2.3941e-18 1.2879e-23 9.4024e-05 5.9763e-06 3.2123e-11 1.0408e-19 1.3524e-30
0.14456 0.78703 2.9635e-12 5.9762e-06 2.1564e-19 5.9801e-18 5.3197e-16 1.7987e-16 5.141e-22 1.2343e-26 1.3238e-58 1.0408e-48 1.3201e-38 2.6335e-32 8.9089e-29 7.6014e-33 1.0503e-27 5.1689e-24 5.1447e-22 5.3397e-22 1.0208e-25 1.0356e-16 9.8562e-11 3.1741e-26 3.8876e-20 1.9115e-25 3.0425e-32 6.0296e-36 6.0269e-31 9.5876e-28 1.3257e-26 1.0347e-34 8.5308e-25 1.237e-18 3.5434e-15 1.6562e-17 8.9095e-23 9.4024e-05 5.9763e-06 3.2123e-11 1.0408e-19 1.3524e-30
0.020896 0.78703 2.9635e-12 5.9762e-06 5.6716e-19 1.5729e-17 1.3992e-15 6.8389e-17 1.9546e-22 4.6929e-27 9.1577e-58 7.1999e-48 9.1319e-38 1.8218e-31 6.1629e-28 1.0988e-33 1.5183e-28 7.472e-25 7.437e-23 7.7189e-23 1.0208e-25 1.0356e-16 9.8562e-11 8.3484e-26 1.0225e-19 5.0275e-25 8.0022e-32 8.7162e-37 8.7122e-32 1.386e-28 1.9163e-27 1.4957e-35 5.9014e-24 8.5574e-18 2.4513e-14 1.1457e-16 6.1633e-22 9.4024e-05 5.9763e-06 3.2123e-11 1.0408e-19 1.3524e-30
0.0030207 0.78703 2.9635e-12 5.9762e-06 1.4917e-18 4.1369e-17 3.68e-15 2.6002e-17 7.4316e-23 1.7843e-27 6.3351e-57 4.9807e-47 6.3172e-37 1.2603e-30 4.2633e-27 1.5884e-34 2.1948e-29 1.0801e-25 1.0751e-23 1.1158e-23 1.0208e-25 1.0356e-16 9.8562e-11 2.1958e-25 2.6893e-19 1.3223e-24 2.1047e-31 1.26e-37 1.2594e-32 2.0035e-29 2.7702e-28 2.1622e-36 4.0824e-23 5.9198e-17 1.6957e-13 7.9257e-16 4.2636e-21 9.4024e-05 5.9763e-06 3.2123e-11 1.0408e-19 1.3524e-30
0.00043666 0.78703 2.9635e-12 5.9762e-06 3.9235e-18 1.0881e-16 9.679e-15 9.8861e-18 2.8255e-23 6.784e-28 4.3824e-56 3.4455e-46 4.3701e-36 8.7183e-30 2.9493e-26 2.2962e-35 3.1727e-30 1.5614e-26 1.5541e-24 1.613e-24 1.0208e-25 1.0356e-16 9.8562e-11 5.7752e-25 7.0734e-19 3.4779e-24 5.5357e-31 1.8214e-38 1.8206e-33 2.8962e-30 4.0045e-29 3.1256e-37 2.8241e-22 4.0951e-16 1.173e-12 5.4828e-15 2.9495e-20 9.4024e-05 5.9763e-06 3.2123e-11 1.0408e-19 1.3524e-30
6.3122e-05 0.78703 2.9635e-12 5.9762e-06 1.0319e-17 2.8618e-16 2.5457e-14 3.7587e-18 1.0743e-23 2.5793e-28 3.0316e-55 2.3835e-45 3.0231e-35 6.031e-29 2.0402e-25 3.3192e-36 4.5863e-31 2.2571e-27 2.2465e-25 2.3317e-25 1.0208e-25 1.0356e-16 9.8562e-11 1.519e-24 1.8604e-18 9.1474e-24 1.456e-30 2.6329e-39 2.6317e-34 4.1866e-31 5.7888e-30 4.5182e-38 1.9536e-21 2.8329e-15 8.1148e-12 3.7928e-14 2.0403e-19 9.4024e-05 5.9763e-06 3.2123e-11 1.0408e-19 1.3524e-30
9.1247e-06 0.78703 2.9635e-12 5.9762e-06 2.7142e-17 7.5268e-16 6.6955e-14 1.4291e-18 4.0845e-24 9.8068e-29 2.0972e-54 1.6488e-44 2.0913e-34 4.172e-28 1.4113e-24 4.7982e-37 6.6299e-32 3.2628e-28 3.2476e-26 3.3707e-26 1.0208e-25 1.0356e-16 9.8561e-11 3.9951e-24 4.8931e-18 2.4059e-23 3.8293e-30 3.8061e-40 3.8044e-35 6.0521e-32 8.3682e-31 6.5316e-39 1.3515e-20 1.9597e-14 5.6135e-11 2.6237e-13 1.4114e-18 9.4024e-05 5.9763e-06 3.2124e-11 1.0408e-19 1.3525e-30
1.319e-06 0.78704 2.9637e-12 5.9758e-06 7.1387e-17 1.9796e-15 1.7608e-13 5.4335e-19 1.5531e-24 3.729e-29 1.4508e-53 1.1405e-43 1.4465e-33 2.8856e-27 9.7607e-24 6.9361e-38 9.5845e-33 4.7171e-29 4.6954e-27 4.8737e-27 1.0208e-25 1.0356e-16 9.8556e-11 1.0508e-23 1.2869e-17 6.3271e-23 1.007e-29 5.5019e-41 5.4998e-36 8.7497e-33 1.2099e-31 9.444e-40 9.349e-20 1.3556e-13 3.8828e-10 1.8147e-12 9.7613e-18 9.4023e-05 5.9766e-06 3.2128e-11 1.041e-19 1.3528e-30
1.9067e-07 0.78708 2.9649e-12 5.9734e-06 1.8776e-16 5.2044e-15 4.6274e-13 2.0658e-19 5.9072e-25 1.419e-29 1.0036e-52 7.8867e-43 9.9983e-33 1.9937e-26 6.7411e-23 1.0027e-38 1.3861e-33 6.8245e-30 6.7958e-28 7.0568e-28 1.0212e-25 1.0356e-16 9.8515e-11 2.7637e-23 3.3833e-17 1.6627e-22 2.6453e-29 7.9533e-42 7.9535e-37 1.2659e-33 1.7511e-32 1.3674e-40 6.4671e-19 9.3732e-13 2.6837e-09 1.2537e-11 6.7412e-17 9.4018e-05 5.9788e-06 3.2152e-11 1.0422e-19 1.355e-30
2.7563e-08 0.78737 2.9733e-12 5.9565e-06 4.9383e-16 1.365e-14 1.2102e-12 7.8544e-20 2.2523e-25 5.4255e-30 6.9427e-52 5.4404e-42 6.8776e-32 1.3676e-25 4.611e-22 1.4494e-39 2.0093e-34 9.9211e-31 9.9074e-29 1.0317e-28 1.0241e-25 1.0356e-16 9.8237e-11 7.269e-23 8.8736e-17 4.3487e-22 6.8989e-29 1.1497e-42 1.153e-37 1.8402e-34 2.5529e-33 1.9992e-41 4.4723e-18 6.4637e-12 1.8454e-08 8.5971e-11 4.6095e-16 9.3988e-05 5.9937e-06 3.2324e-11 1.0507e-19 1.3699e-30
3.9844e-09 0.7893 3.0294e-12 5.8463e-06 1.2989e-15 3.5237e-14 3.0664e-12 2.9863e-20 8.7249e-26 2.1414e-30 4.8028e-51 3.6939e-41 4.5832e-31 8.9447e-25 2.9601e-21 2.0952e-40 2.9594e-35 1.4888e-31 1.5147e-29 1.6071e-29 1.0434e-25 1.0356e-16 9.6419e-11 1.9119e-22 2.2907e-16 1.1018e-21 1.7156e-28 1.662e-43 1.6981e-38 2.7615e-35 3.9031e-34 3.1141e-42 3.0871e-17 4.3791e-11 1.2271e-07 5.6108e-10 2.9527e-15 9.3783e-05 6.0935e-06 3.3482e-11 1.1089e-19 1.473e-30
5.7597e-10 0.79978 3.3523e-12 5.2832e-06 3.4162e-15 8.375e-14 6.586e-12 1.1354e-20 3.6709e-26 9.9699e-31 3.3224e-50 2.3092e-40 2.5891e-30 4.5662e-24 1.3655e-20 3.0287e-41 4.734e-36 2.6354e-32 2.9672e-30 3.4837e-30 1.1547e-25 1.0356e-16 8.7131e-11 5.0285e-22 5.4445e-16 2.3665e-21 3.3299e-28 2.4025e-44 2.7164e-39 4.8883e-36 7.6458e-35 6.7506e-43 2.1098e-16 2.7045e-10 6.8484e-07 2.8297e-09 1.3457e-14 9.2651e-05 6.6616e-06 4.0505e-11 1.4845e-19 2.1822e-30
8.3261e-11 0.83219 4.5865e-12 3.8617e-06 8.9852e-15 1.61e-13 9.2542e-12 4.3169e-21 1.9095e-26 7.0953e-31 2.2984e-49 1.1676e-39 9.5687e-30 1.2335e-23 2.6961e-20 4.3782e-42 9.3626e-37 7.1309e-33 1.0985e-30 1.7644e-30 1.5798e-25 1.0356e-16 6.3685e-11 1.3226e-21 1.0467e-15 3.3253e-21 3.4199e-28 3.4729e-45 5.3724e-40 1.3227e-36 2.8304e-35 3.4191e-43 1.3993e-15 1.311e-09 2.4266e-06 7.3283e-09 2.5473e-14 8.8828e-05 8.738e-06 7.269e-11 3.6449e-19 7.3303e-30
1.2036e-11 0.88526 7.662e-12 2.3117e-06 2.3632e-14 2.5348e-13 8.7215e-12 1.6413e-21 1.2128e-26 7.5287e-31 1.59e-48 4.8349e-39 2.3718e-29 1.8302e-23 2.3946e-20 6.329e-43 2.261e-37 2.8768e-33 7.4031e-31 1.9866e-30 2.6391e-25 1.0356e-16 3.8122e-11 3.4786e-21 1.6479e-15 3.1338e-21 1.9293e-28 5.0203e-46 1.2974e-40 5.3361e-37 1.9076e-35 3.8495e-43 8.8438e-15 4.9601e-09 5.4954e-06 9.9346e-09 2.0671e-14 8.1157e-05 1.3337e-05 1.8535e-10 1.5526e-18 5.2163e-29
1.7399e-12 0.9475 1.3987e-11 1.2663e-06 6.2157e-14 3.6521e-13 6.8833e-12 6.2403e-22 8.418e-27 9.5393e-31 1.0999e-47 1.8321e-38 4.9235e-29 2.0811e-23 1.4916e-20 9.1489e-44 5.9665e-38 1.3859e-33 6.5105e-31 3.1893e-30 4.8178e-25 1.0356e-16 2.0883e-11 9.1493e-21 2.3742e-15 2.4733e-21 8.3409e-29 7.2572e-47 3.4237e-41 2.5706e-37 1.6776e-35 6.1801e-43 5.2324e-14 1.6075e-08 9.7563e-06 9.6616e-09 1.1012e-14 6.9411e-05 2.0823e-05 5.2827e-10 8.0784e-18 4.9546e-28
2.5151e-13 1.0128 2.6294e-11 6.7366e-07 1.6348e-13 5.1098e-13 5.1232e-12 2.3726e-22 6.0166e-27 1.2817e-30 7.6087e-47 6.7422e-38 9.6382e-29 2.1672e-23 8.2629e-21 1.3225e-44 1.6213e-38 7.0795e-34 6.2518e-31 5.7571e-30 9.0566e-25 1.0356e-16 1.1109e-11 2.4064e-20 3.3219e-15 1.8409e-21 3.3025e-29 1.0491e-47 9.3036e-42 1.3131e-37 1.6109e-35 1.1156e-42 2.8352e-13 4.6338e-08 1.496e-05 7.881e-09 4.7784e-15 5.4369e-05 3.0661e-05 1.4623e-09 4.2035e-17 4.8463e-27
3.6357e-14 1.079 4.989e-11 3.5505e-07 4.2998e-13 7.0832e-13 3.7428e-12 9.0208e-23 4.3404e-27 1.7543e-30 5.2635e-46 2.4581e-37 1.852e-28 2.1947e-23 4.4102e-21 1.9118e-45 4.4471e-39 3.6843e-34 6.1734e-31 1.0787e-29 1.7184e-24 1.0356e-16 5.8547e-12 6.3292e-20 4.6047e-15 1.3449e-21 1.2716e-29 1.5165e-48 2.5518e-42 6.8339e-38 1.5907e-35 2.0902e-42 1.388e-12 1.1956e-07 2.0343e-05 5.6482e-09 1.8049e-15 3.8476e-05 4.1171e-05 3.7255e-09 2.032e-16 4.4452e-26
5.2556e-15 1.1456 9.4976e-11 1.865e-07 1.1309e-12 9.7861e-13 2.7163e-12 3.4297e-23 3.1416e-27 2.4173e-30 3.6411e-45 8.9324e-37 3.5351e-28 2.2006e-23 2.3228e-21 2.7636e-46 1.2238e-39 1.9302e-34 6.1569e-31 2.048e-29 3.2714e-24 1.0356e-16 3.0754e-12 1.6647e-19 6.3618e-15 9.7604e-22 4.8475e-30 2.1922e-49 7.0224e-43 3.5802e-38 1.5865e-35 3.9685e-42 6.1668e-12 2.7902e-07 2.4939e-05 3.6372e-09 6.1052e-16 2.4711e-05 5.0337e-05 8.6714e-09 9.004e-16 3.7497e-25
7.5973e-16 1.2123 1.8113e-10 9.7796e-08 2.9745e-12 1.3497e-12 1.9644e-12 1.304e-23 2.2779e-27 3.3426e-30 2.5188e-44 3.2402e-36 6.724e-28 2.1948e-23 1.2148e-21 3.995e-47 3.3738e-40 1.0148e-34 6.1731e-31 3.9159e-29 6.2387e-24 1.0356e-16 1.6126e-12 4.3784e-19 8.774e-15 7.0585e-22 1.8382e-30 3.169e-50 1.9359e-43 1.8823e-38 1.5907e-35 7.5881e-42 2.5366e-11 6.0182e-07 2.8206e-05 2.157e-09 1.8986e-16 1.4693e-05 5.708e-05 1.8752e-08 3.7133e-15 2.9491e-24
1.0982e-16 1.2793 3.4604e-10 5.1188e-08 7.8234e-12 1.858e-12 1.4155e-12 4.9579e-24 1.6546e-27 4.6388e-30 1.7425e-43 1.1732e-35 1.2744e-27 2.1773e-23 6.3077e-22 5.775e-48 9.3175e-41 5.3543e-35 6.2228e-31 7.5417e-29 1.1919e-23 1.0356e-16 8.4409e-13 1.1516e-18 1.2079e-14 5.0862e-22 6.9332e-31 4.5809e-51 5.3466e-44 9.9315e-39 1.6035e-35 1.4614e-41 9.8985e-11 1.2292e-06 3.0155e-05 1.2071e-09 5.5609e-17 8.2885e-06 6.1517e-05 3.8611e-08 1.4607e-14 2.2164e-23
1.5876e-17 1.3465 6.6299e-10 2.6717e-08 2.0577e-11 2.5507e-12 1.0142e-12 1.885e-24 1.2053e-27 6.4742e-30 1.2054e-42 4.236e-35 2.4016e-27 2.1416e-23 3.2383e-22 8.3481e-49 2.5806e-41 2.8412e-35 6.3266e-31 1.469e-28 2.2836e-23 1.0356e-16 4.4056e-13 3.0288e-18 1.6582e-14 3.6443e-22 2.5928e-31 6.622e-52 1.4808e-44 5.2701e-39 1.6302e-35 2.8466e-41 3.7393e-10 2.4237e-06 3.1033e-05 6.4835e-10 1.559e-17 4.5263e-06 6.4363e-05 7.7398e-08 5.6101e-14 1.6309e-22
2.2949e-18 0 1.467e-15 0.0095844 0 0 0 0 0 0 0 0 0 0 0 0 0 0 0 0 0 0 0 0 0 0 0 0 0 0 0 0 0 0 0 0 0 0 0 0 0 0
3.3175e-19 1.483 2.4813e-09 7.1386e-09 1.4234e-10 4.7146e-12 5.0089e-13 2.7249e-25 6.521e-28 1.3109e-29 5.7684e-41 5.4164e-34 8.2048e-27 1.9549e-23 7.8983e-23 1.7445e-50 2.0182e-42 8.3163e-36 6.9306e-31 6.0229e-28 8.5468e-23 1.0356e-16 1.1772e-13 2.0953e-17 3.0649e-14 1.7998e-22 3.4214e-32 1.3838e-53 1.1581e-45 1.5426e-39 1.7858e-35 1.1671e-40 5.0762e-09 8.7912e-06 3.0076e-05 1.6789e-10 1.0787e-18 1.284e-06 6.8333e-05 3.0754e-07 8.3429e-13 9.0773e-21
4.7956e-20 0 1.467e-15 0.0095844 0 0 0 0 0 0 0 0 0 0 0 0 0 0 0 0 0 0 0 0 0 0 0 0 0 0 0 0 0 0 0 0 0 0 0 0 0 0
6.9323e-21 0 1.467e-15 0.0095844 0 0 0 0 0 0 0 0 0 0 0 0 0 0 0 0 0 0 0 0 0 0 0 0 0 0 0 0 0 0 0 0 0 0 0 0 0 0
1.0021e-21 0 1.467e-15 0.0095844 0 0 0 0 0 0 0 0 0 0 0 0 0 0 0 0 0 0 0 0 0 0 0 0 0 0 0 0 0 0 0 0 0 0 0 0 0 0
1.4486e-22 0 1.467e-15 0.0095844 0 0 0 0 0 0 0 0 0 0 0 0 0 0 0 0 0 0 0 0 0 0 0 0 0 0 0 0 0 0 0 0 0 0 0 0 0 0
2.0941e-23 0 1.467e-15 0.0095844 0 0 0 0 0 0 0 0 0 0 0 0 0 0 0 0 0 0 0 0 0 0 0 0 0 0 0 0 0 0 0 0 0 0 0 0 0 0
3.0271e-24 0 1.467e-15 0.0095844 0 0 0 0 0 0 0 0 0 0 0 0 0 0 0 0 0 0 0 0 0 0 0 0 0 0 0 0 0 0 0 0 0 0 0 0 0 0
4.3759e-25 0 1.467e-15 0.0095844 0 0 0 0 0 0 0 0 0 0 0 0 0 0 0 0 0 0 0 0 0 0 0 0 0 0 0 0 0 0 0 0 0 0 0 0 0 0
6.3256e-26 0 1.467e-15 0.0095844 0 0 0 0 0 0 0 0 0 0 0 0 0 0 0 0 0 0 0 0 0 0 0 0 0 0 0 0 0 0 0 0 0 0 0 0 0 0
9.144e-27 0 1.467e-15 0.0095844 0 0 0 0 0 0 0 0 0 0 0 0 0 0 0 0 0 0 0 0 0 0 0 0 0 0 0 0 0 0 0 0 0 0 0 0 0 0
1.3218e-27 0 1.467e-15 0.0095844 0 0 0 0 0 0 0 0 0 0 0 0 0 0 0 0 0 0 0 0 0 0 0 0 0 0 0 0 0 0 0 0 0 0 0 0 0 0
1.9108e-28 0 1.467e-15 0.0095844 0 0 0 0 0 0 0 0 0 0 0 0 0 0 0 0 0 0 0 0 0 0 0 0 0 0 0 0 0 0 0 0 0 0 0 0 0 0
2.7621e-29 0 1.467e-15 0.0095844 0 0 0 0 0 0 0 0 0 0 0 0 0 0 0 0 0 0 0 0 0 0 0 0 0 0 0 0 0 0 0 0 0 0 0 0 0 0
3.9929e-30 0 1.467e-15 0.0095844 0 0 0 0 0 0 0 0 0 0 0 0 0 0 0 0 0 0 0 0 0 0 0 0 0 0 0 0 0 0 0 0 0 0 0 0 0 0
5.7719e-31 0 1.467e-15 0.0095844 0 0 0 0 0 0 0 0 0 0 0 0 0 0 0 0 0 0 0 0 0 0 0 0 0 0 0 0 0 0 0 0 0 0 0 0 0 0
