$P_{O_2}$ $\mu_e$ e h $V_{O}^{\times}$ $V_{O}^{\bullet}$ $V_{O}^{\bullet\bullet}$ $O_{i}^{\times}$ $O_{i}^{'}$ $O_{i}^{''}$ $Sn_{i}^{\times}$ $Sn_{i}^{\bullet}$ $Sn_{i}^{\bullet\bullet}$ $Sn_{i}^{\bullet\bullet\bullet}$ $Sn_{i}^{\bullet\bullet\bullet\bullet}$ $V_{Sn}^{\times}$ $V_{Sn}^{'}$ $V_{Sn}^{''}$ $V_{Sn}^{'''}$ $V_{Sn}^{''''}$ $H_{i}^{'}$ $H_{i}^{\times}$ $H_{i}^{\bullet}$ $H_{O}^{\times}$ $H_{O}^{\bullet}$ $H_{O}^{\bullet\bullet}$ $H_{O}^{\bullet\bullet\bullet}$ $H_{Sn}^{\times}$ $H_{Sn}^{'}$ $H_{Sn}^{''}$ $H_{Sn}^{'''}$ $H_{Sn}^{''''}$ $Mn_{i}^{\times}$ $Mn_{i}^{\bullet}$ $Mn_{i}^{\bullet\bullet}$ $Mn_{i}^{\bullet\bullet\bullet}$ $Mn_{i}^{\bullet\bullet\bullet\bullet}$ $Mn_{i}^{\bullet\bullet\bullet\bullet\bullet}$ $Mn_{i}^{\bullet\bullet\bullet\bullet\bullet\bullet}$ $Mn_{i}^{\bullet\bullet\bullet\bullet\bullet\bullet\bullet}$ $Mn_{Sn}^{\times}$ $Mn_{Sn}^{\bullet}$ $Mn_{Sn}^{\bullet\bullet}$ $Mn_{Sn}^{\bullet\bullet\bullet}$ $Mn_{Sn}^{'}$ $Mn_{Sn}^{''}$ $Mn_{Sn}^{'''}$ $Mn_{Sn}^{''''}$
1 0.60586 5.1396e-13 3.4434e-05 8.1987e-20 1.311e-17 6.7245e-15 4.731e-16 2.345e-22 9.7645e-28 1.9136e-59 8.6751e-49 6.3444e-38 7.2982e-31 1.4236e-26 5.2584e-32 1.2601e-27 1.0755e-24 1.8565e-23 3.3417e-24 1.7703e-26 1.0356e-16 5.6832e-10 1.2068e-26 8.5227e-20 2.4163e-24 2.2176e-30 4.1711e-35 7.2307e-31 1.9949e-28 4.7837e-28 6.4754e-37 5.4247e-35 1.2562e-26 1.316e-20 2.6997e-18 7.8909e-23 3.9284e-29 4.6394e-36 1.6582e-44 0.0094331 0.00026621 4.3119e-09 1.0812e-15 0.00030065 2.1461e-12 3.2045e-23 2.3836e-36
0.14456 0.60586 5.1396e-13 3.4434e-05 2.1564e-19 3.4481e-17 1.7687e-14 1.7987e-16 8.916e-23 3.7125e-28 1.3238e-58 6.0012e-48 4.3889e-37 5.0487e-30 9.8478e-26 7.6014e-33 1.8215e-28 1.5547e-25 2.6836e-24 4.8306e-25 1.7703e-26 1.0356e-16 5.6832e-10 3.1741e-26 2.2416e-19 6.3552e-24 5.8327e-30 6.0296e-36 1.0452e-31 2.8837e-29 6.9151e-29 9.3606e-38 3.7527e-34 8.6899e-26 9.1036e-20 1.8676e-17 5.4587e-22 2.7176e-28 3.2094e-35 1.1471e-43 0.0094331 0.00026621 4.3119e-09 1.0812e-15 0.00030065 2.1461e-12 3.2045e-23 2.3836e-36
0.020896 0.60586 5.1396e-13 3.4434e-05 5.6716e-19 9.0692e-17 4.6518e-14 6.8389e-17 3.3899e-23 1.4115e-28 9.1577e-58 4.1515e-47 3.0361e-36 3.4925e-29 6.8124e-25 1.0988e-33 2.6332e-29 2.2474e-26 3.8794e-25 6.9829e-26 1.7703e-26 1.0356e-16 5.6832e-10 8.3484e-26 5.8958e-19 1.6715e-23 1.5341e-29 8.7162e-37 1.511e-32 4.1686e-30 9.9962e-30 1.3531e-38 2.596e-33 6.0115e-25 6.2976e-19 1.2919e-16 3.7762e-21 1.8799e-27 2.2202e-34 7.9354e-43 0.0094331 0.00026621 4.3119e-09 1.0812e-15 0.00030065 2.1461e-12 3.2045e-23 2.3836e-36
0.0030207 0.60586 5.1396e-13 3.4434e-05 1.4917e-18 2.3853e-16 1.2235e-13 2.6002e-17 1.2889e-23 5.3667e-29 6.3351e-57 2.8719e-46 2.1003e-35 2.416e-28 4.7127e-24 1.5884e-34 3.8064e-30 3.2487e-27 5.6079e-26 1.0094e-26 1.7703e-26 1.0356e-16 5.6832e-10 2.1958e-25 1.5507e-18 4.3964e-23 4.0349e-29 1.26e-37 2.1842e-33 6.026e-31 1.445e-30 1.956e-39 1.7958e-32 4.1586e-24 4.3565e-18 8.9373e-16 2.6123e-20 1.3005e-26 1.5358e-33 5.4895e-42 0.0094331 0.00026621 4.3119e-09 1.0812e-15 0.00030065 2.1461e-12 3.2045e-23 2.3836e-36
0.00043666 0.60586 5.1396e-13 3.4434e-05 3.9235e-18 6.2738e-16 3.218e-13 9.8861e-18 4.9003e-24 2.0404e-29 4.3824e-56 1.9867e-45 1.4529e-34 1.6714e-27 3.2601e-23 2.2962e-35 5.5024e-31 4.6963e-28 8.1065e-27 1.4592e-27 1.7703e-26 1.0356e-16 5.6832e-10 5.7752e-25 4.0786e-18 1.1563e-22 1.0612e-28 1.8214e-38 3.1574e-34 8.7109e-32 2.0889e-31 2.8276e-40 1.2423e-31 2.8768e-23 3.0137e-17 6.1826e-15 1.8071e-19 8.9964e-26 1.0625e-32 3.7975e-41 0.0094331 0.00026621 4.3119e-09 1.0812e-15 0.00030065 2.1461e-12 3.2045e-23 2.3836e-36
6.3122e-05 0.60586 5.1396e-13 3.4434e-05 1.0319e-17 1.6501e-15 8.4639e-13 3.7587e-18 1.8631e-24 7.7579e-30 3.0316e-55 1.3743e-44 1.0051e-33 1.1562e-26 2.2552e-22 3.3192e-36 7.954e-32 6.7887e-29 1.1718e-27 2.1094e-28 1.7703e-26 1.0356e-16 5.6832e-10 1.519e-24 1.0727e-17 3.0413e-22 2.7912e-28 2.6329e-39 4.5642e-35 1.2592e-32 3.0196e-32 4.0874e-41 8.5939e-31 1.9901e-22 2.0848e-16 4.277e-14 1.2501e-18 6.2235e-25 7.3498e-32 2.627e-40 0.0094331 0.00026621 4.3119e-09 1.0812e-15 0.00030065 2.1461e-12 3.2045e-23 2.3836e-36
9.1247e-06 0.60586 5.1396e-13 3.4434e-05 2.7142e-17 4.34e-15 2.2261e-12 1.4291e-18 7.0837e-25 2.9496e-30 2.0972e-54 9.5073e-44 6.953e-33 7.9982e-26 1.5601e-21 4.7982e-37 1.1498e-32 9.8135e-30 1.694e-28 3.0492e-29 1.7703e-26 1.0356e-16 5.6832e-10 3.9951e-24 2.8214e-17 7.999e-22 7.3413e-28 3.8061e-40 6.5978e-36 1.8203e-33 4.365e-33 5.9086e-42 5.945e-30 1.3767e-21 1.4422e-15 2.9587e-13 8.6478e-18 4.3052e-24 5.0844e-31 1.8173e-39 0.0094331 0.00026621 4.3119e-09 1.0812e-15 0.00030065 2.1461e-12 3.2045e-23 2.3836e-36
1.319e-06 0.60586 5.1396e-13 3.4434e-05 7.1387e-17 1.1415e-14 5.8551e-12 5.4335e-19 2.6933e-25 1.1214e-30 1.4508e-53 6.5769e-43 4.8099e-32 5.533e-25 1.0792e-20 6.9361e-38 1.6621e-33 1.4186e-30 2.4488e-29 4.4078e-30 1.7703e-26 1.0356e-16 5.6832e-10 1.0508e-23 7.4208e-17 2.1039e-21 1.9309e-27 5.5019e-41 9.5375e-37 2.6313e-34 6.3099e-34 8.5413e-43 4.1126e-29 9.5235e-21 9.9768e-15 2.0467e-12 5.9823e-17 2.9782e-23 3.5172e-30 1.2571e-38 0.0094331 0.00026621 4.3119e-09 1.0812e-15 0.00030065 2.1461e-12 3.2045e-23 2.3836e-36
1.9067e-07 0.60586 5.1396e-13 3.4434e-05 1.8776e-16 3.0023e-14 1.54e-11 2.0658e-19 1.024e-25 4.2638e-31 1.0036e-52 4.5497e-42 3.3274e-31 3.8275e-24 7.4659e-20 1.0027e-38 2.4027e-34 2.0507e-31 3.5398e-30 6.3718e-31 1.7703e-26 1.0356e-16 5.6832e-10 2.7637e-23 1.9518e-16 5.5335e-21 5.0785e-27 7.9533e-42 1.3787e-37 3.8037e-35 9.1213e-35 1.2347e-43 2.845e-28 6.5881e-20 6.9017e-14 1.4159e-11 4.1384e-16 2.0603e-22 2.4331e-29 8.6966e-38 0.0094331 0.00026621 4.3119e-09 1.0812e-15 0.00030065 2.1461e-12 3.2045e-23 2.3836e-36
2.7563e-08 0.60586 5.1396e-13 3.4434e-05 4.9383e-16 7.8966e-14 4.0504e-11 7.8544e-20 3.8933e-26 1.6211e-31 6.9427e-52 3.1474e-41 2.3018e-30 2.6478e-23 5.1647e-19 1.4494e-39 3.4732e-35 2.9644e-32 5.117e-31 9.2108e-32 1.7703e-26 1.0356e-16 5.6832e-10 7.269e-23 5.1335e-16 1.4554e-20 1.3357e-26 1.1497e-42 1.993e-38 5.4985e-36 1.3185e-35 1.7848e-44 1.9681e-27 4.5575e-19 4.7744e-13 9.7946e-11 2.8628e-15 1.4252e-21 1.6832e-28 6.016e-37 0.0094331 0.00026621 4.3119e-09 1.0812e-15 0.00030065 2.1461e-12 3.2045e-23 2.3836e-36
3.9844e-09 0.60586 5.1396e-13 3.4434e-05 1.2989e-15 2.0769e-13 1.0653e-10 2.9863e-20 1.4802e-26 6.1637e-32 4.8028e-51 2.1773e-40 1.5923e-29 1.8317e-22 3.5727e-18 2.0952e-40 5.0208e-36 4.2852e-33 7.3971e-32 1.3315e-32 1.7703e-26 1.0356e-16 5.6831e-10 1.9119e-22 1.3502e-15 3.8279e-20 3.5131e-26 1.662e-43 2.881e-39 7.9485e-37 1.9061e-36 2.5801e-45 1.3615e-26 3.1527e-18 3.3028e-12 6.7756e-10 1.9804e-14 9.8592e-21 1.1643e-27 4.1616e-36 0.0094331 0.00026621 4.3119e-09 1.0812e-15 0.00030065 2.1462e-12 3.2045e-23 2.3836e-36
5.7597e-10 0.60586 5.1397e-13 3.4433e-05 3.4162e-15 5.4625e-13 2.8018e-10 1.1354e-20 5.6281e-27 2.3436e-32 3.3224e-50 1.5061e-39 1.1015e-28 1.267e-21 2.4713e-17 3.0287e-41 7.258e-37 6.1948e-34 1.0694e-32 1.9249e-33 1.7703e-26 1.0356e-16 5.683e-10 5.0285e-22 3.5511e-15 1.0068e-19 9.2396e-26 2.4025e-44 4.1648e-40 1.1491e-37 2.7555e-37 3.73e-46 9.4183e-26 2.1809e-17 2.2847e-11 4.6869e-09 1.3699e-13 6.8196e-20 8.0536e-27 2.8785e-35 0.0094331 0.0002662 4.3117e-09 1.0811e-15 0.00030066 2.1462e-12 3.2047e-23 2.3838e-36
8.3261e-11 0.60588 5.1404e-13 3.4429e-05 8.9852e-15 1.4365e-12 7.3671e-10 4.3169e-21 2.1401e-27 8.9128e-33 2.2984e-49 1.0418e-38 7.6174e-28 8.7611e-21 1.7086e-16 4.3782e-42 1.0493e-37 8.9575e-35 1.5465e-33 2.7841e-34 1.7706e-26 1.0356e-16 5.6822e-10 1.3226e-21 9.3387e-15 2.6472e-19 2.4291e-25 3.4729e-45 6.0213e-41 1.6615e-38 3.9849e-38 5.395e-47 6.5153e-25 1.5085e-16 1.58e-10 3.2409e-08 9.4711e-13 4.7143e-19 5.5666e-26 1.9893e-34 0.0094331 0.00026616 4.3105e-09 1.0807e-15 0.0003007 2.1468e-12 3.206e-23 2.3852e-36
1.2036e-11 0.60598 5.1454e-13 3.4396e-05 2.3632e-14 3.7746e-12 1.9339e-09 1.6413e-21 8.1447e-28 3.3952e-33 1.59e-48 7.1996e-38 5.2594e-27 6.0433e-20 1.1775e-15 6.329e-43 1.5183e-38 1.2974e-35 2.242e-34 4.0402e-35 1.7723e-26 1.0356e-16 5.6768e-10 3.4786e-21 2.4539e-14 6.9492e-19 6.3706e-25 5.0203e-46 8.7125e-42 2.4064e-39 5.7771e-39 7.8288e-48 4.5071e-24 1.0425e-15 1.0909e-09 2.2355e-07 6.5267e-12 3.2456e-18 3.8287e-25 1.3669e-33 0.0094331 0.00026591 4.3022e-09 1.0775e-15 0.00030099 2.151e-12 3.2153e-23 2.3944e-36
1.7399e-12 0.60665 5.1788e-13 3.4173e-05 6.2157e-14 9.8637e-12 5.021e-09 6.2403e-22 3.1168e-28 1.3077e-33 1.0999e-47 4.9483e-37 3.5914e-26 4.1e-19 7.9367e-15 9.1489e-44 2.2091e-39 1.8999e-36 3.3046e-35 5.9938e-36 1.7838e-26 1.0356e-16 5.6401e-10 9.1493e-21 6.4124e-14 1.8042e-18 1.6433e-24 7.2572e-47 1.2676e-42 3.524e-40 8.5151e-40 1.1614e-48 3.1178e-23 7.1651e-15 7.4493e-09 1.5166e-06 4.3993e-11 2.1735e-17 2.5474e-24 9.0361e-33 0.0094329 0.00026418 4.2467e-09 1.0568e-15 0.00030294 2.179e-12 3.2784e-23 2.4572e-36
2.5151e-13 0.61069 5.3855e-13 3.2863e-05 1.6348e-13 2.4948e-11 1.2212e-08 2.3726e-22 1.2323e-28 5.3769e-34 7.6087e-47 3.2917e-36 2.2974e-25 2.5221e-18 4.6948e-14 1.3225e-44 3.3209e-40 2.97e-37 5.3721e-36 1.0133e-36 1.855e-26 1.0356e-16 5.4236e-10 2.4064e-20 1.6218e-13 4.388e-18 3.8433e-24 1.0491e-47 1.9056e-43 5.509e-41 1.3843e-40 1.9634e-49 2.1564e-22 4.7655e-14 4.7643e-08 9.3276e-06 2.6018e-10 1.2361e-16 1.3932e-23 4.7521e-32 0.009431 0.00025399 3.9262e-09 9.3951e-16 0.00031497 2.3559e-12 3.686e-23 2.8731e-36
3.6357e-14 0.62673 6.2889e-13 2.8146e-05 4.2998e-13 5.619e-11 2.3554e-08 9.0208e-23 5.4713e-29 2.7877e-34 5.2635e-46 1.95e-35 1.1655e-24 1.0957e-17 1.7466e-13 1.9118e-45 5.6058e-41 5.8545e-38 1.2366e-36 2.7237e-37 2.1662e-26 1.0356e-16 4.6445e-10 6.3292e-20 3.6529e-13 8.4636e-18 6.3481e-24 1.5165e-48 3.2167e-44 1.0859e-41 3.1864e-41 5.2778e-50 1.4893e-21 2.8184e-13 2.413e-07 4.0455e-05 9.6635e-10 3.9316e-16 3.7946e-23 1.1084e-31 0.0094156 0.00021715 2.8745e-09 5.8904e-16 0.0003672 3.2074e-12 5.86e-23 5.3337e-36
5.2556e-15 0.65957 8.6393e-13 2.0493e-05 1.1309e-12 1.0758e-10 3.2828e-08 3.4297e-23 2.8577e-29 2.0002e-34 3.6411e-45 9.8198e-35 4.2724e-24 2.9238e-17 3.3928e-13 2.7636e-46 1.1132e-41 1.5971e-38 4.6341e-37 1.4021e-37 2.9757e-26 1.0356e-16 3.381e-10 1.6647e-19 6.9939e-13 1.1796e-17 6.4405e-24 2.1922e-49 6.3878e-45 2.9624e-42 1.1941e-41 2.717e-50 1.0223e-20 1.4083e-12 8.7768e-07 0.00010712 1.8626e-09 5.5164e-16 3.8757e-23 8.241e-32 0.0093426 0.00015685 1.5114e-09 2.2546e-16 0.00050052 6.0058e-12 1.5074e-22 1.8847e-35
7.5973e-16 0.70266 1.3106e-12 1.3511e-05 2.9745e-12 1.8652e-10 3.7519e-08 1.304e-23 1.6482e-29 1.7501e-34 2.5188e-44 4.4779e-34 1.2843e-23 5.7934e-17 4.4316e-13 3.995e-47 2.4412e-42 5.3131e-39 2.3387e-37 1.0735e-37 4.5142e-26 1.0356e-16 2.2287e-10 4.3784e-19 1.2126e-12 1.3482e-17 4.8522e-24 3.169e-50 1.4008e-45 9.855e-43 6.0262e-42 2.0801e-50 6.9295e-20 6.2927e-12 2.5852e-06 0.00020798 2.3839e-09 4.6542e-16 2.1555e-23 3.0213e-32 0.0091547 0.00010131 6.4354e-10 6.328e-17 0.00074403 1.3543e-11 5.1565e-22 9.7809e-35
1.0982e-16 0.7501 2.0735e-12 8.5407e-06 7.8234e-12 3.1008e-10 3.9422e-08 4.9579e-24 9.9148e-30 1.6656e-34 1.7425e-43 1.9579e-33 3.5491e-23 1.012e-16 4.8925e-13 5.775e-48 5.5832e-43 1.9225e-39 1.3389e-37 9.7231e-38 7.1422e-26 1.0356e-16 1.4087e-10 1.1516e-18 2.0158e-12 1.4165e-17 3.2224e-24 4.5809e-51 3.2038e-46 3.566e-43 3.45e-42 1.8841e-50 4.6111e-19 2.6466e-11 6.8724e-06 0.00034945 2.5317e-09 3.124e-16 9.1447e-24 8.1016e-33 0.0088061 6.1597e-05 2.473e-10 1.537e-17 0.0011323 3.261e-11 1.9644e-21 5.8953e-34
1.5876e-17 0.79928 3.3363e-12 5.3086e-06 2.0577e-11 5.0688e-10 4.0052e-08 1.885e-24 6.0653e-30 1.6394e-34 1.2054e-42 8.418e-33 9.484e-23 1.6807e-16 5.0502e-13 8.3481e-49 1.2986e-43 7.1946e-40 8.0617e-38 9.4197e-38 1.1492e-25 1.0356e-16 8.755e-11 3.0288e-18 3.2952e-12 1.4392e-17 2.0348e-24 6.622e-52 7.4515e-47 1.3345e-43 2.0773e-42 1.8253e-50 2.9906e-18 1.0668e-10 1.7217e-05 0.00054412 2.45e-09 1.879e-16 3.4185e-24 1.8823e-33 0.008256 3.5892e-05 8.9561e-11 3.4595e-18 0.0017081 7.9148e-11 7.6713e-21 3.7041e-33
2.2949e-18 0.84922 5.4075e-12 3.2754e-06 5.412e-11 8.2252e-10 4.0099e-08 7.167e-25 3.7377e-30 1.6375e-34 8.3385e-42 3.5928e-32 2.4974e-22 2.7304e-16 5.062e-13 1.2068e-49 3.0426e-44 2.7322e-40 4.9622e-38 9.3977e-38 1.8626e-25 1.0356e-16 5.4016e-11 7.9663e-18 5.3472e-12 1.4409e-17 1.2569e-24 9.5725e-53 1.7459e-47 5.0679e-44 1.2786e-42 1.821e-50 1.8728e-17 4.1219e-10 4.1041e-05 0.00080024 2.2231e-09 1.0519e-16 1.1807e-24 4.011e-34 0.0074738 2.0046e-05 3.0861e-11 7.3548e-19 0.0025062 1.8823e-10 2.957e-20 2.3142e-32
3.3175e-19 0.8996 8.8023e-12 2.0123e-06 1.4234e-10 1.329e-09 3.9804e-08 2.7249e-25 2.3132e-30 1.6496e-34 5.7684e-41 1.5269e-31 6.5201e-22 4.3793e-16 4.9877e-13 1.7445e-50 7.1594e-45 1.0465e-40 3.0938e-38 9.5376e-38 3.0319e-25 1.0356e-16 3.3184e-11 2.0953e-17 8.6399e-12 1.4303e-17 7.6645e-25 1.3838e-53 4.1082e-48 1.9411e-44 7.972e-43 1.8481e-50 1.1202e-16 1.5146e-09 9.2645e-05 0.0011098 1.894e-09 5.5055e-17 3.7964e-25 7.9229e-35 0.006462 1.0648e-05 1.0071e-11 1.4744e-19 0.0035273 4.3122e-10 1.1027e-19 1.4048e-31
4.7956e-20 0.9504 1.4385e-11 1.2313e-06 3.7439e-10 2.1389e-09 3.9198e-08 1.036e-25 1.4373e-30 1.6751e-34 3.9904e-40 6.4632e-31 1.6888e-21 6.9407e-16 4.837e-13 2.5217e-51 1.6914e-45 4.0404e-41 1.9521e-38 9.8347e-38 4.9549e-25 1.0356e-16 2.0305e-11 5.5109e-17 1.3905e-11 1.4085e-17 4.6185e-25 2.0003e-54 9.7053e-49 7.4944e-45 5.03e-43 1.9057e-50 6.3345e-16 5.2408e-09 0.00019616 0.0014378 1.5014e-09 2.6706e-17 1.1268e-25 1.439e-35 0.0052824 5.3261e-06 3.0823e-12 2.7613e-20 0.0047122 9.4148e-10 3.9346e-19 8.1916e-31
6.9323e-21 1.0017 2.3631e-11 7.4956e-07 9.847e-10 3.4246e-09 3.8204e-08 3.939e-26 8.9773e-31 1.7187e-34 2.7605e-39 2.7217e-30 4.3292e-21 1.0831e-15 4.5949e-13 3.6453e-52 4.0164e-46 1.5761e-41 1.2509e-38 1.0353e-37 8.1395e-25 1.0356e-16 1.236e-11 1.4494e-16 2.2263e-11 1.3728e-17 2.7402e-25 2.8916e-55 2.3047e-49 2.9235e-45 3.2233e-43 2.0061e-50 3.3639e-15 1.6942e-08 0.00038602 0.0017223 1.0949e-09 1.1855e-17 3.0451e-26 2.3672e-36 0.0040551 2.4889e-06 8.7682e-13 4.7817e-21 0.0059424 1.9503e-09 1.3389e-18 4.5793e-30
1.0021e-21 1.0538 3.9112e-11 4.5288e-07 2.5899e-09 5.442e-09 3.6681e-08 1.4976e-26 5.6493e-31 1.7901e-34 1.9096e-38 1.1376e-29 1.0932e-20 1.6525e-15 4.2357e-13 5.2695e-53 9.6096e-47 6.2415e-42 8.1989e-39 1.1231e-37 1.3472e-24 1.0356e-16 7.468e-12 3.8123e-16 3.5378e-11 1.318e-17 1.5896e-25 4.18e-56 5.5141e-50 1.1577e-45 2.1127e-43 2.1763e-50 1.6751e-14 5.0972e-08 0.00070169 0.0018916 7.2654e-10 4.753e-18 7.376e-27 3.4644e-37 0.002919 1.0825e-06 2.304e-13 7.5916e-22 0.0070799 3.846e-09 4.37e-18 2.4737e-29
1.4486e-22 1.1071 6.5448e-11 2.7065e-07 6.8119e-09 8.5538e-09 3.4455e-08 5.6941e-27 3.5941e-31 1.9057e-34 1.321e-37 4.7028e-29 2.7009e-20 2.4398e-15 3.7373e-13 7.6175e-54 2.3245e-47 2.5263e-42 5.5532e-39 1.2729e-37 2.2543e-24 1.0356e-16 4.463e-12 1.0027e-15 5.5608e-11 1.2381e-17 8.923e-26 6.0424e-57 1.3338e-50 4.686e-46 1.4309e-43 2.4665e-50 7.8473e-14 1.427e-07 0.001174 0.0018913 4.3411e-10 1.6972e-18 1.574e-27 4.4179e-38 0.0019768 4.3808e-07 5.5723e-14 1.0972e-22 0.0080228 7.2927e-09 1.3866e-17 1.3134e-28
2.0941e-23 1.1619 1.112e-10 1.593e-07 1.7916e-08 1.3242e-08 3.1393e-08 2.1649e-27 2.3217e-31 2.0916e-34 9.1384e-37 1.9148e-28 6.4725e-20 3.4414e-15 3.1026e-13 1.1012e-54 5.709e-48 1.0542e-42 3.9371e-39 1.5333e-37 3.8301e-24 1.0356e-16 2.6268e-12 2.6372e-15 8.6083e-11 1.128e-17 4.7851e-26 8.7347e-58 3.2759e-51 1.9554e-46 1.0145e-43 2.9711e-50 3.4781e-13 3.7226e-07 0.0018025 0.0017092 2.309e-10 5.3132e-19 2.9002e-28 4.7913e-39 0.0012665 1.652e-07 1.2368e-14 1.4334e-23 0.0087333 1.3488e-08 4.3571e-17 7.0121e-28
3.0271e-24 1.2187 1.9265e-10 9.1944e-08 4.7123e-08 2.0102e-08 2.7508e-08 8.2312e-28 1.5294e-31 2.387e-34 6.3217e-36 7.6455e-28 1.4917e-19 4.5777e-15 2.3821e-13 1.5918e-55 1.4298e-48 4.5743e-43 2.9597e-39 1.997e-37 6.6357e-24 1.0356e-16 1.5162e-12 6.9363e-15 1.3068e-10 9.8842e-18 2.4201e-26 1.2626e-58 8.2045e-52 8.4847e-47 7.6265e-44 3.8697e-50 1.4673e-12 9.0648e-07 0.0025334 0.0013865 1.0812e-10 1.4359e-19 4.5241e-29 4.3139e-40 0.00077238 5.815e-08 2.5128e-15 1.6809e-24 0.0092275 2.469e-08 1.3819e-16 3.853e-27
4.3759e-25 1.2778 3.413e-10 5.19e-08 1.2394e-07 2.9845e-08 2.3053e-08 3.1295e-28 1.0301e-31 2.8483e-34 4.3732e-35 2.9854e-27 3.2879e-19 5.6956e-15 1.673e-13 2.301e-56 3.6616e-49 2.0753e-43 2.3788e-39 2.8435e-37 1.1756e-23 1.0356e-16 8.5583e-13 1.8244e-14 1.9402e-10 8.2834e-18 1.1448e-26 1.8252e-59 2.1011e-52 3.8494e-47 6.1297e-44 5.5099e-50 5.9292e-12 2.0676e-06 0.0032618 0.0010077 4.4353e-11 3.3252e-20 5.9136e-30 3.1829e-41 0.00045117 1.9173e-08 4.6767e-16 1.7659e-25 0.0095488 4.5263e-08 4.4879e-16 2.2168e-26
6.3256e-26 1.3392 6.1804e-10 2.866e-08 3.2598e-07 4.3348e-08 1.849e-08 1.1899e-28 7.0923e-32 3.5512e-34 3.0252e-34 1.1405e-26 6.9361e-19 6.6351e-15 1.0763e-13 3.3263e-57 9.585e-50 9.8375e-44 2.042e-39 4.42e-37 2.1288e-23 1.0356e-16 4.7261e-13 4.7984e-14 2.818e-10 6.6438e-18 5.0707e-27 2.6385e-60 5.5001e-53 1.8247e-47 5.2618e-44 8.5649e-50 2.3117e-11 4.4517e-06 0.0038782 0.00066162 1.6082e-11 6.6578e-21 6.5385e-31 1.9435e-42 0.00025428 5.9675e-09 8.0381e-17 1.6761e-26 0.0097456 8.3655e-08 1.502e-15 1.3435e-25
9.144e-27 1.4026 1.14e-09 1.5538e-08 8.5739e-07 6.1812e-08 1.4294e-08 4.524e-29 4.9738e-32 4.5936e-34 2.0928e-33 4.2773e-26 1.4103e-18 7.3144e-15 6.4324e-14 4.8083e-58 2.5557e-50 4.8381e-44 1.8523e-39 7.3955e-37 3.9265e-23 1.0356e-16 2.5623e-13 1.262e-13 4.0183e-10 5.1363e-18 2.1253e-27 3.8141e-61 1.4665e-53 8.974e-48 4.7731e-44 1.4331e-49 8.7721e-11 9.1583e-06 0.0043256 0.00040008 5.2722e-12 1.1834e-21 6.3007e-32 1.0153e-43 0.00013948 1.7747e-09 1.296e-17 1.4651e-27 0.0098604 1.5612e-07 5.1703e-15 8.5303e-25
1.3218e-27 1.4672 2.1309e-09 8.3125e-09 2.2551e-06 8.6972e-08 1.076e-08 1.72e-29 3.5349e-32 6.1026e-34 1.4477e-32 1.5829e-25 2.7922e-18 7.7469e-15 3.6446e-14 6.9507e-59 6.9058e-51 2.4437e-44 1.7489e-39 1.3052e-36 7.3398e-23 1.0356e-16 1.3707e-13 3.3194e-13 5.654e-10 3.8662e-18 8.5582e-28 5.5135e-62 3.9627e-54 4.5328e-48 4.5066e-44 2.5293e-49 3.2675e-10 1.825e-05 0.0046112 0.00022816 1.6085e-12 1.9314e-22 5.5013e-33 4.7426e-45 7.5105e-05 5.112e-10 1.9971e-18 1.2078e-28 0.0099246 2.9373e-07 1.8184e-14 5.6079e-24
1.9108e-28 1.5328 4.0181e-09 4.4084e-09 5.9312e-06 1.2131e-07 7.9591e-09 6.5397e-30 2.5343e-32 8.2499e-34 1.0015e-31 5.8073e-25 5.4324e-18 7.9931e-15 1.9943e-14 1.0048e-59 1.8824e-51 1.256e-44 1.6951e-39 2.3854e-36 1.384e-22 1.0356e-16 7.2693e-14 8.7305e-13 7.8864e-10 2.8599e-18 3.3573e-28 7.9701e-63 1.0801e-54 2.3298e-48 4.3678e-44 4.6223e-49 1.2029e-09 3.5631e-05 0.0047745 0.00012529 4.684e-13 2.9827e-23 4.5056e-34 2.0599e-46 3.997e-05 1.4428e-10 2.9892e-19 9.5872e-30 0.0099595 5.5581e-07 6.4881e-14 3.7731e-23
2.7621e-29 1.599 7.6184e-09 2.3251e-09 1.56e-05 1.6828e-07 5.8232e-09 2.4864e-30 1.8269e-32 1.1276e-33 6.9281e-31 2.1188e-24 1.0454e-17 8.1126e-15 1.0675e-14 1.4525e-60 5.1593e-52 6.5272e-45 1.6701e-39 4.4561e-36 2.6241e-22 1.0356e-16 3.834e-14 2.2962e-12 1.094e-09 2.0924e-18 1.2955e-28 1.1521e-63 2.9605e-55 1.2107e-48 4.3035e-44 8.6349e-49 4.3971e-09 6.8692e-05 0.0048547 6.7189e-05 1.3249e-13 4.4497e-24 3.5451e-35 8.5483e-48 2.112e-05 4.0209e-11 4.3938e-20 7.4324e-31 0.0099778 1.0558e-06 2.3367e-13 2.5764e-22
3.9929e-30 1.6655 1.4499e-08 1.2217e-09 4.103e-05 2.3257e-07 4.2286e-09 9.4535e-31 1.3219e-32 1.5528e-33 4.7927e-30 7.7017e-24 1.9966e-17 8.1415e-15 5.6293e-15 2.0996e-61 1.4194e-52 3.4175e-45 1.6642e-39 8.4505e-36 4.994e-22 1.0356e-16 2.0146e-14 6.0395e-12 1.5119e-09 1.5195e-18 4.9433e-29 1.6655e-64 8.1446e-56 6.339e-49 4.2882e-44 1.6375e-48 1.5997e-08 0.00013132 0.0048765 3.5462e-05 3.6742e-14 6.4841e-25 2.7144e-36 3.4392e-49 1.1107e-05 1.1111e-11 6.3799e-21 5.6707e-32 0.0099869 2.0111e-06 8.4711e-13 1.7776e-21
5.7719e-31 1.7324 2.7686e-08 6.3979e-10 0.00010792 3.2034e-07 3.0502e-09 3.5943e-31 9.5973e-33 2.1527e-33 3.3154e-29 2.7901e-23 3.7879e-17 8.0888e-15 2.9289e-15 3.0351e-62 3.918e-53 1.8014e-45 1.675e-39 1.6242e-35 9.5363e-22 1.0356e-16 1.055e-14 1.5885e-11 2.0825e-09 1.096e-18 1.8673e-29 2.4076e-65 2.2482e-56 3.3413e-49 4.3161e-44 3.1473e-48 5.7974e-08 0.00024922 0.0048466 1.8457e-05 1.0015e-14 9.2553e-26 2.0291e-37 1.3463e-50 5.8188e-06 3.0483e-12 9.1659e-22 4.2665e-33 0.0099903 3.8416e-06 3.0899e-12 1.2381e-20
