$P_{O_2}$ $\mu_e$ e h $V_{O}^{\times}$ $V_{O}^{\bullet}$ $V_{O}^{\bullet\bullet}$ $O_{i}^{\times}$ $O_{i}^{'}$ $O_{i}^{''}$ $Sn_{i}^{\times}$ $Sn_{i}^{\bullet}$ $Sn_{i}^{\bullet\bullet}$ $Sn_{i}^{\bullet\bullet\bullet}$ $Sn_{i}^{\bullet\bullet\bullet\bullet}$ $V_{Sn}^{\times}$ $V_{Sn}^{'}$ $V_{Sn}^{''}$ $V_{Sn}^{'''}$ $V_{Sn}^{''''}$ $H_{i}^{'}$ $H_{i}^{\times}$ $H_{i}^{\bullet}$ $H_{O}^{\times}$ $H_{O}^{\bullet}$ $H_{O}^{\bullet\bullet}$ $H_{O}^{\bullet\bullet\bullet}$ $H_{Sn}^{\times}$ $H_{Sn}^{'}$ $H_{Sn}^{''}$ $H_{Sn}^{'''}$ $H_{Sn}^{''''}$ $Cr_{i}^{\times}$ $Cr_{i}^{\bullet}$ $Cr_{i}^{\bullet\bullet}$ $Cr_{i}^{\bullet\bullet\bullet}$ $Cr_{i}^{\bullet\bullet\bullet\bullet}$ $Cr_{i}^{\bullet\bullet\bullet\bullet\bullet}$ $Cr_{i}^{\bullet\bullet\bullet\bullet\bullet\bullet}$ $Cr_{Sn}^{\times}$ $Cr_{Sn}^{\bullet}$ $Cr_{Sn}^{\bullet\bullet}$ $Cr_{Sn}^{'}$ $Cr_{Sn}^{''}$ $Cr_{Sn}^{'''}$ $Cr_{Sn}^{''''}$
1 1.0073 4.0886e-20 1.2869e-11 3.3609e-39 3.652e-38 4.0832e-36 1.1191e-31 6.4701e-41 2.6397e-48 1.831e-118 1.5991e-100 3.6347e-82 2.0439e-71 3.3048e-66 2.7651e-63 3.7364e-51 6.4047e-42 4.4906e-36 3.4238e-34 3.6872e-49 5.3623e-33 6.8629e-23 7.2821e-53 1.5434e-42 5.272e-55 1.8872e-70 1.7398e-69 1.2303e-57 2.2035e-49 2.9816e-45 1.2856e-59 2.3508e-81 4.8465e-66 1.1884e-56 9.9641e-57 1.4192e-62 1.9084e-77 8.36e-100 0.0001 4.8358e-14 2.2792e-26 1.2918e-11 3.6177e-28 1.2873e-41 3.0308e-63
0.020896 1.0073 4.0886e-20 1.2869e-11 2.325e-38 2.5264e-37 2.8247e-35 1.6177e-32 9.353e-42 3.8159e-49 8.7623e-117 7.6526e-99 1.7394e-80 9.7813e-70 1.5815e-64 5.7781e-65 7.8077e-53 1.3384e-43 9.3838e-38 7.1545e-36 3.6872e-49 5.3623e-33 6.8629e-23 5.0375e-52 1.0677e-41 3.6471e-54 1.3055e-69 3.6357e-71 2.5708e-59 4.6046e-51 6.2306e-47 2.6864e-61 1.125e-79 2.3193e-64 5.6869e-55 4.7683e-55 6.7916e-61 9.1324e-76 4.0007e-98 0.0001 4.8358e-14 2.2792e-26 1.2918e-11 3.6177e-28 1.2873e-41 3.0308e-63
0.00043666 1.0073 4.0886e-20 1.2869e-11 1.6084e-37 1.7477e-36 1.954e-34 2.3385e-33 1.352e-42 5.5161e-50 4.1932e-115 3.6621e-97 8.3238e-79 4.6808e-68 7.5683e-63 1.2074e-66 1.6315e-54 2.7967e-45 1.9609e-39 1.495e-37 3.6872e-49 5.3623e-33 6.8629e-23 3.4848e-51 7.386e-41 2.5229e-53 9.031e-69 7.5973e-73 5.3721e-61 9.622e-53 1.302e-48 5.6137e-63 5.3836e-78 1.1099e-62 2.7215e-53 2.2819e-53 3.2501e-59 4.3703e-74 1.9145e-96 0.0001 4.8358e-14 2.2792e-26 1.2918e-11 3.6177e-28 1.2873e-41 3.0308e-63
9.1247e-06 1.0073 4.0886e-20 1.2869e-11 1.1126e-36 1.209e-35 1.3517e-33 3.3805e-34 1.9544e-43 7.9739e-51 2.0066e-113 1.7525e-95 3.9833e-77 2.24e-66 3.6218e-61 2.5231e-68 3.4093e-56 5.8441e-47 4.0976e-41 3.1241e-39 3.6872e-49 5.3623e-33 6.8629e-23 2.4107e-50 5.1095e-40 1.7453e-52 6.2474e-68 1.5876e-74 1.1226e-62 2.0107e-54 2.7207e-50 1.1731e-64 2.5763e-76 5.3114e-61 1.3024e-51 1.092e-51 1.5553e-57 2.0914e-72 9.1619e-95 0.0001 4.8358e-14 2.2792e-26 1.2918e-11 3.6177e-28 1.2873e-41 3.0308e-63
1.9067e-07 1.0073 4.0886e-20 1.2869e-11 7.6969e-36 8.3635e-35 9.351e-33 4.8867e-35 2.8253e-44 1.1527e-51 9.6028e-112 8.3866e-94 1.9062e-75 1.072e-64 1.7332e-59 5.2724e-70 7.1243e-58 1.2212e-48 8.5625e-43 6.5283e-41 3.6872e-49 5.3623e-33 6.8629e-23 1.6677e-49 3.5346e-39 1.2073e-51 4.3218e-67 3.3174e-76 2.3458e-64 4.2016e-56 5.6853e-52 2.4513e-66 1.2329e-74 2.5418e-59 6.2324e-50 5.2257e-50 7.4431e-56 1.0008e-70 4.3844e-93 0.0001 4.8358e-14 2.2792e-26 1.2918e-11 3.6177e-28 1.2873e-41 3.0308e-63
3.9844e-09 1.0073 4.0886e-20 1.2869e-11 5.3245e-35 5.7856e-34 6.4688e-32 7.064e-36 4.0841e-45 1.6663e-52 4.5954e-110 4.0134e-92 9.1222e-74 5.1298e-63 8.2943e-58 1.1017e-71 1.4887e-59 2.5519e-50 1.7893e-44 1.3642e-42 3.6872e-49 5.3623e-33 6.8629e-23 1.1536e-48 2.4451e-38 8.3521e-51 2.9897e-66 6.9323e-78 4.9019e-66 8.7799e-58 1.188e-53 5.1224e-68 5.9e-73 1.2164e-57 2.9825e-48 2.5008e-48 3.5619e-54 4.7895e-69 2.0982e-91 0.0001 4.8358e-14 2.2792e-26 1.2918e-11 3.6177e-28 1.2873e-41 3.0308e-63
8.3261e-11 1.0073 4.0886e-20 1.2869e-11 3.6833e-34 4.0023e-33 4.4749e-31 1.0212e-36 5.9038e-46 2.4087e-53 2.1991e-108 1.9206e-90 4.3654e-72 2.4549e-61 3.9692e-56 2.3023e-73 3.1109e-61 5.3326e-52 3.7389e-46 2.8507e-44 3.6872e-49 5.3623e-33 6.8629e-23 7.9806e-48 1.6915e-37 5.7778e-50 2.0682e-65 1.4486e-79 1.0243e-67 1.8347e-59 2.4825e-55 1.0704e-69 2.8235e-71 5.8209e-56 1.4273e-46 1.1967e-46 1.7045e-52 2.292e-67 1.0041e-89 0.0001 4.8358e-14 2.2792e-26 1.2918e-11 3.6177e-28 1.2873e-41 3.0308e-63
1.7399e-12 1.0073 4.0886e-20 1.2869e-11 2.548e-33 2.7687e-32 3.0956e-30 1.4761e-37 8.5343e-47 3.4819e-54 1.0524e-106 9.1911e-89 2.0891e-70 1.1748e-59 1.8995e-54 4.8109e-75 6.5008e-63 1.1143e-53 7.813e-48 5.9569e-46 3.6872e-49 5.3623e-33 6.8629e-23 5.5207e-47 1.1701e-36 3.9969e-49 1.4307e-64 3.0271e-81 2.1405e-69 3.8338e-61 5.1876e-57 2.2368e-71 1.3512e-69 2.7856e-54 6.8302e-45 5.727e-45 8.157e-51 1.0968e-65 4.805e-88 0.0001 4.8358e-14 2.2792e-26 1.2918e-11 3.6177e-28 1.2873e-41 3.0308e-63
3.6357e-14 1.0073 4.0886e-20 1.2869e-11 1.7627e-32 1.9153e-31 2.1415e-29 2.1338e-38 1.2337e-47 5.0333e-55 5.0362e-105 4.3984e-87 9.9973e-69 5.6219e-58 9.0899e-53 1.0053e-76 1.3584e-64 2.3285e-55 1.6327e-49 1.2448e-47 3.6872e-49 5.3623e-33 6.8629e-23 3.8191e-46 8.0945e-36 2.7649e-48 9.8973e-64 6.3255e-83 4.4729e-71 8.0114e-63 1.084e-58 4.674e-73 6.466e-68 1.333e-52 3.2686e-43 2.7406e-43 3.9035e-49 5.2489e-64 2.2994e-86 0.0001 4.8358e-14 2.2792e-26 1.2918e-11 3.6177e-28 1.2873e-41 3.0308e-63
7.5973e-16 1.0073 4.0886e-20 1.2869e-11 1.2194e-31 1.325e-30 1.4814e-28 3.0846e-39 1.7834e-48 7.276e-56 2.4101e-103 2.1048e-85 4.7842e-67 2.6903e-56 4.35e-51 2.1007e-78 2.8386e-66 4.8658e-57 3.4117e-51 2.6011e-49 3.6872e-49 5.3623e-33 6.8629e-23 2.6419e-45 5.5996e-35 1.9127e-47 6.8467e-63 1.3218e-84 9.3467e-73 1.6741e-64 2.2653e-60 9.7671e-75 3.0943e-66 6.3792e-51 1.5642e-41 1.3115e-41 1.868e-47 2.5119e-62 1.1004e-84 0.0001 4.8358e-14 2.2792e-26 1.2918e-11 3.6177e-28 1.2873e-41 3.0308e-63
1.5876e-17 1.0073 4.0886e-20 1.2869e-11 8.4352e-31 9.1657e-30 1.0248e-27 4.459e-40 2.578e-49 1.0518e-56 1.1533e-101 1.0073e-83 2.2895e-65 1.2875e-54 2.0817e-49 4.3898e-80 5.9318e-68 1.0168e-58 7.1292e-53 5.4355e-51 3.6872e-49 5.3623e-33 6.8629e-23 1.8276e-44 3.8736e-34 1.3232e-46 4.7363e-62 2.7621e-86 1.9531e-74 3.4983e-66 4.7336e-62 2.041e-76 1.4808e-64 3.0528e-49 7.4854e-40 6.2763e-40 8.9395e-46 1.2021e-60 5.2659e-83 0.0001 4.8358e-14 2.2792e-26 1.2918e-11 3.6177e-28 1.2873e-41 3.0308e-63
3.3175e-19 1.0073 4.0886e-20 1.2869e-11 5.8352e-30 6.3406e-29 7.0893e-27 6.4457e-41 3.7266e-50 1.5204e-57 5.5193e-100 4.8203e-82 1.0956e-63 6.1611e-53 9.9618e-48 9.1732e-82 1.2395e-69 2.1247e-60 1.4898e-54 1.1358e-52 3.6872e-49 5.3623e-33 6.8629e-23 1.2643e-43 2.6797e-33 9.1533e-46 3.2765e-61 5.7719e-88 4.0814e-76 7.3102e-68 9.8915e-64 4.2649e-78 7.0862e-63 1.4609e-47 3.5821e-38 3.0035e-38 4.278e-44 5.7524e-59 2.52e-81 0.0001 4.8358e-14 2.2792e-26 1.2918e-11 3.6177e-28 1.2873e-41 3.0308e-63
6.9323e-21 1.0073 4.0886e-20 1.2869e-11 4.0367e-29 4.3863e-28 4.9042e-26 9.3177e-42 5.3871e-51 2.1979e-58 2.6413e-98 2.3067e-80 5.2431e-62 2.9484e-51 4.7672e-46 1.9169e-83 2.5902e-71 4.4399e-62 3.1131e-56 2.3735e-54 3.6872e-49 5.3623e-33 6.8629e-23 8.7461e-43 1.8537e-32 6.332e-45 2.2666e-60 1.2061e-89 8.5286e-78 1.5276e-69 2.067e-65 8.9122e-80 3.3911e-61 6.9911e-46 1.7142e-36 1.4373e-36 2.0472e-42 2.7528e-57 1.2059e-79 0.0001 4.8358e-14 2.2792e-26 1.2918e-11 3.6177e-28 1.2873e-41 3.0308e-63
1.4486e-22 1.0073 4.0886e-20 1.2869e-11 2.7924e-28 3.0343e-27 3.3926e-25 1.3469e-42 7.7873e-52 3.1771e-59 1.264e-96 1.1039e-78 2.5091e-60 1.411e-49 2.2814e-44 4.0056e-85 5.4126e-73 9.2779e-64 6.5052e-58 4.9597e-56 3.6872e-49 5.3623e-33 6.8629e-23 6.0503e-42 1.2824e-31 4.3803e-44 1.5679e-59 2.5204e-91 1.7822e-79 3.1921e-71 4.3193e-67 1.8623e-81 1.6228e-59 3.3456e-44 8.2034e-35 6.8784e-35 9.797e-41 1.3174e-55 5.771e-78 0.0001 4.8358e-14 2.2792e-26 1.2918e-11 3.6177e-28 1.2873e-41 3.0308e-63
3.0271e-24 1.0073 4.0886e-20 1.2869e-11 1.9317e-27 2.099e-26 2.3469e-24 1.9471e-43 1.1257e-52 4.5928e-60 6.0487e-95 5.2827e-77 1.2007e-58 6.7521e-48 1.0917e-42 8.3703e-87 1.131e-74 1.9388e-65 1.3594e-59 1.0364e-57 3.6872e-49 5.3623e-33 6.8629e-23 4.1854e-41 8.871e-31 3.0302e-43 1.0847e-58 5.2667e-93 3.7241e-81 6.6703e-73 9.0258e-69 3.8916e-83 7.766e-58 1.601e-42 3.9258e-33 3.2916e-33 4.6883e-39 6.3042e-54 2.7617e-76 0.0001 4.8358e-14 2.2792e-26 1.2918e-11 3.6177e-28 1.2873e-41 3.0308e-63
6.3256e-26 1.0073 4.0886e-20 1.2869e-11 1.3363e-26 1.4521e-25 1.6235e-23 2.8146e-44 1.6273e-53 6.6391e-61 2.8946e-93 2.528e-75 5.746e-57 3.2312e-46 5.2245e-41 1.7491e-88 2.3635e-76 4.0513e-67 2.8406e-61 2.1657e-59 3.6872e-49 5.3623e-33 6.8629e-23 2.8954e-40 6.1367e-30 2.0962e-42 7.5034e-58 1.1006e-94 7.7821e-83 1.3939e-74 1.8861e-70 8.1321e-85 3.7164e-56 7.6617e-41 1.8787e-31 1.5752e-31 2.2436e-37 3.0169e-52 1.3216e-74 0.0001 4.8358e-14 2.2792e-26 1.2918e-11 3.6177e-28 1.2873e-41 3.0308e-63
1.3218e-27 1.0073 4.0886e-20 1.2869e-11 9.2443e-26 1.0045e-24 1.1231e-22 4.0687e-45 2.3523e-54 9.5972e-62 1.3852e-91 1.2098e-73 2.7498e-55 1.5463e-44 2.5002e-39 3.655e-90 4.9388e-78 8.4658e-69 5.9358e-63 4.5256e-61 3.6872e-49 5.3623e-33 6.8629e-23 2.0029e-39 4.2452e-29 1.4501e-41 5.1907e-57 2.2998e-96 1.6262e-84 2.9127e-76 3.9412e-72 1.6993e-86 1.7785e-54 3.6665e-39 8.9903e-30 7.5382e-30 1.0737e-35 1.4437e-50 6.3246e-73 0.0001 4.8358e-14 2.2792e-26 1.2918e-11 3.6177e-28 1.2873e-41 3.0308e-63
2.7621e-29 1.0073 4.0886e-20 1.2869e-11 6.395e-25 6.9488e-24 7.7693e-22 5.8816e-46 3.4004e-55 1.3873e-62 6.6289e-90 5.7894e-72 1.3159e-53 7.3998e-43 1.1965e-37 7.6377e-92 1.032e-79 1.7691e-70 1.2404e-64 9.457e-63 3.6872e-49 5.3623e-33 6.8629e-23 1.3856e-38 2.9367e-28 1.0031e-40 3.5908e-56 4.8057e-98 3.3982e-86 6.0865e-78 8.2358e-74 3.551e-88 8.5109e-53 1.7546e-37 4.3023e-28 3.6074e-28 5.1381e-34 6.9089e-49 3.0266e-71 0.0001 4.8358e-14 2.2792e-26 1.2918e-11 3.6177e-28 1.2873e-41 3.0308e-63
5.7719e-31 1.0073 4.0886e-20 1.2869e-11 4.4239e-24 4.807e-23 5.3746e-21 8.5022e-47 4.9156e-56 2.0055e-63 3.1723e-88 2.7705e-70 6.2972e-52 3.5412e-41 5.7257e-36 1.596e-93 2.1566e-81 3.6967e-72 2.592e-66 1.9762e-64 3.6872e-49 5.3623e-33 6.8629e-23 9.5851e-38 2.0315e-27 6.9394e-40 2.484e-55 1.0042e-99 7.101e-88 1.2719e-79 1.721e-75 7.4204e-90 4.0729e-51 8.3967e-36 2.0589e-26 1.7263e-26 2.4588e-32 3.3063e-47 1.4484e-69 0.0001 4.8358e-14 2.2792e-26 1.2918e-11 3.6177e-28 1.2873e-41 3.0308e-63
