$P_{O_2}$ $\mu_e$ e h $V_{O}^{\times}$ $V_{O}^{\bullet}$ $V_{O}^{\bullet\bullet}$ $O_{i}^{\times}$ $O_{i}^{'}$ $O_{i}^{''}$ $Sn_{i}^{\times}$ $Sn_{i}^{\bullet}$ $Sn_{i}^{\bullet\bullet}$ $Sn_{i}^{\bullet\bullet\bullet}$ $Sn_{i}^{\bullet\bullet\bullet\bullet}$ $V_{Sn}^{\times}$ $V_{Sn}^{'}$ $V_{Sn}^{''}$ $V_{Sn}^{'''}$ $V_{Sn}^{''''}$ $H_{i}^{'}$ $H_{i}^{\times}$ $H_{i}^{\bullet}$ $H_{O}^{\times}$ $H_{O}^{\bullet}$ $H_{O}^{\bullet\bullet}$ $H_{O}^{\bullet\bullet\bullet}$ $H_{Sn}^{\times}$ $H_{Sn}^{'}$ $H_{Sn}^{''}$ $H_{Sn}^{'''}$ $H_{Sn}^{''''}$ $Cr_{i}^{\times}$ $Cr_{i}^{\bullet}$ $Cr_{i}^{\bullet\bullet}$ $Cr_{i}^{\bullet\bullet\bullet}$ $Cr_{i}^{\bullet\bullet\bullet\bullet}$ $Cr_{i}^{\bullet\bullet\bullet\bullet\bullet}$ $Cr_{i}^{\bullet\bullet\bullet\bullet\bullet\bullet}$ $Cr_{Sn}^{\times}$ $Cr_{Sn}^{\bullet}$ $Cr_{Sn}^{\bullet\bullet}$ $Cr_{Sn}^{'}$ $Cr_{Sn}^{''}$ $Cr_{Sn}^{'''}$ $Cr_{Sn}^{''''}$
1 0.89636 4.7867e-21 1.0992e-10 3.3609e-39 3.1194e-37 2.9791e-34 1.1191e-31 7.5748e-42 3.6181e-50 1.831e-118 1.3659e-99 2.6519e-80 1.2738e-68 1.7592e-62 2.7651e-63 4.3743e-52 8.7783e-44 7.2058e-39 6.4319e-38 4.3168e-50 5.3623e-33 5.862e-22 7.2821e-53 1.3183e-41 3.8465e-53 1.1761e-67 1.7398e-69 1.4403e-58 3.0202e-51 4.7844e-48 2.4151e-63 2.3508e-79 4.1397e-63 8.6703e-53 6.2096e-52 7.5546e-57 8.677e-71 3.2468e-92 0.01 4.1306e-11 1.6629e-22 1.5123e-10 4.9585e-28 2.0657e-42 5.6936e-65
0.020896 0.89636 4.7867e-21 1.0992e-10 2.325e-38 2.1579e-36 2.0609e-33 1.6177e-32 1.095e-42 5.2301e-51 8.7623e-117 6.5366e-98 1.269e-78 6.0957e-67 8.4186e-61 5.7781e-65 9.1407e-54 1.8344e-45 1.5058e-40 1.344e-39 4.3168e-50 5.3623e-33 5.862e-22 5.0375e-52 9.1199e-41 2.6609e-52 8.1358e-67 3.6357e-71 3.0097e-60 6.3112e-53 9.9978e-50 5.0467e-65 1.125e-77 1.9811e-61 4.1492e-51 2.9716e-50 3.6153e-55 4.1524e-69 1.5538e-90 0.01 4.1306e-11 1.6629e-22 1.5123e-10 4.9585e-28 2.0657e-42 5.6936e-65
0.00043666 0.89636 4.7867e-21 1.0992e-10 1.6084e-37 1.4928e-35 1.4257e-32 2.3385e-33 1.5829e-43 7.5605e-52 4.1932e-115 3.1281e-96 6.073e-77 2.9171e-65 4.0287e-59 1.2074e-66 1.9101e-55 3.8332e-47 3.1465e-42 2.8086e-41 4.3168e-50 5.3623e-33 5.862e-22 3.4848e-51 6.3089e-40 1.8407e-51 5.6281e-66 7.5973e-73 6.2893e-62 1.3188e-54 2.0892e-51 1.0546e-66 5.3836e-76 9.4803e-60 1.9856e-49 1.4221e-48 1.7301e-53 1.9871e-67 7.4355e-89 0.01 4.1306e-11 1.6629e-22 1.5123e-10 4.9585e-28 2.0657e-42 5.6936e-65
9.1247e-06 0.89636 4.7867e-21 1.0992e-10 1.1126e-36 1.0327e-34 9.8623e-32 3.3805e-34 2.2881e-44 1.0929e-52 2.0066e-113 1.4969e-94 2.9062e-75 1.396e-63 1.9279e-57 2.5231e-68 3.9914e-57 8.01e-49 6.5751e-44 5.8689e-43 4.3168e-50 5.3623e-33 5.862e-22 2.4107e-50 4.3643e-39 1.2734e-50 3.8934e-65 1.5876e-74 1.3142e-63 2.7559e-56 4.3657e-53 2.2037e-68 2.5763e-74 4.5368e-58 9.502e-48 6.8053e-47 8.2793e-52 9.5093e-66 3.5583e-87 0.01 4.1306e-11 1.6629e-22 1.5123e-10 4.9585e-28 2.0657e-42 5.6936e-65
1.9067e-07 0.89636 4.7867e-21 1.0992e-10 7.6969e-36 7.1438e-34 6.8225e-31 4.8867e-35 3.3076e-45 1.5799e-53 9.6028e-112 7.1636e-93 1.3908e-73 6.6804e-62 9.2262e-56 5.2724e-70 8.3407e-59 1.6738e-50 1.374e-45 1.2264e-44 4.3168e-50 5.3623e-33 5.862e-22 1.6677e-49 3.0191e-38 8.8088e-50 2.6933e-64 3.3174e-76 2.7463e-65 5.7588e-58 9.1227e-55 4.605e-70 1.2329e-72 2.1711e-56 4.5472e-46 3.2567e-45 3.9621e-50 4.5507e-64 1.7028e-85 0.01 4.1306e-11 1.6629e-22 1.5123e-10 4.9585e-28 2.0657e-42 5.6936e-65
3.9844e-09 0.89636 4.7867e-21 1.0992e-10 5.3245e-35 4.9419e-33 4.7196e-30 7.064e-36 4.7814e-46 2.2838e-54 4.5954e-110 3.4281e-91 6.6556e-72 3.1969e-60 4.4152e-54 1.1017e-71 1.7429e-60 3.4977e-52 2.8711e-47 2.5627e-46 4.3168e-50 5.3623e-33 5.862e-22 1.1536e-48 2.0885e-37 6.0937e-49 1.8632e-63 6.9323e-78 5.7388e-67 1.2034e-59 1.9063e-56 9.6229e-72 5.9e-71 1.039e-54 2.176e-44 1.5585e-43 1.896e-48 2.1777e-62 8.1488e-84 0.01 4.1306e-11 1.6629e-22 1.5123e-10 4.9585e-28 2.0657e-42 5.6936e-65
8.3261e-11 0.89636 4.7867e-21 1.0992e-10 3.6833e-34 3.4187e-32 3.2649e-29 1.0212e-36 6.9118e-47 3.3014e-55 2.1991e-108 1.6405e-89 3.185e-70 1.5299e-58 2.1129e-52 2.3023e-73 3.6421e-62 7.3089e-54 5.9996e-49 5.3552e-48 4.3168e-50 5.3623e-33 5.862e-22 7.9806e-48 1.4448e-36 4.2154e-48 1.2889e-62 1.4486e-79 1.1992e-68 2.5146e-61 3.9836e-58 2.0108e-73 2.8235e-69 4.972e-53 1.0413e-42 7.458e-42 9.0735e-47 1.0421e-60 3.8996e-82 0.01 4.1306e-11 1.6629e-22 1.5123e-10 4.9585e-28 2.0657e-42 5.6936e-65
1.7399e-12 0.89636 4.7867e-21 1.0992e-10 2.548e-33 2.3649e-31 2.2586e-28 1.4761e-37 9.9914e-48 4.7724e-56 1.0524e-106 7.8507e-88 1.5242e-68 7.3212e-57 1.0111e-50 4.8109e-75 7.6106e-64 1.5273e-55 1.2537e-50 1.1191e-49 4.3168e-50 5.3623e-33 5.862e-22 5.5207e-47 9.9947e-36 2.9161e-47 8.9162e-62 3.0271e-81 2.5059e-70 5.2547e-63 8.3242e-60 4.2019e-75 1.3512e-67 2.3793e-51 4.9833e-41 3.569e-40 4.3421e-45 4.9872e-59 1.8661e-80 0.01 4.1306e-11 1.6629e-22 1.5123e-10 4.9585e-28 2.0657e-42 5.6936e-65
3.6357e-14 0.89636 4.7867e-21 1.0992e-10 1.7627e-32 1.636e-30 1.5624e-27 2.1338e-38 1.4443e-48 6.8987e-57 5.0362e-105 3.7569e-86 7.294e-67 3.5035e-55 4.8387e-49 1.0053e-76 1.5904e-65 3.1915e-57 2.6198e-52 2.3384e-51 4.3168e-50 5.3623e-33 5.862e-22 3.8191e-46 6.9141e-35 2.0173e-46 6.168e-61 6.3255e-83 5.2365e-72 1.0981e-64 1.7395e-61 8.7806e-77 6.466e-66 1.1386e-49 2.3848e-39 1.708e-38 2.0779e-43 2.3866e-57 8.9304e-79 0.01 4.1306e-11 1.6629e-22 1.5123e-10 4.9585e-28 2.0657e-42 5.6936e-65
7.5973e-16 0.89636 4.7867e-21 1.0992e-10 1.2194e-31 1.1317e-29 1.0808e-26 3.0846e-39 2.0879e-49 9.9725e-58 2.4101e-103 1.7979e-84 3.4905e-65 1.6766e-53 2.3155e-47 2.1007e-78 3.3233e-67 6.6692e-59 5.4745e-54 4.8865e-53 4.3168e-50 5.3623e-33 5.862e-22 2.6419e-45 4.783e-34 1.3955e-45 4.2668e-60 1.3218e-84 1.0943e-73 2.2945e-66 3.6349e-63 1.8348e-78 3.0943e-64 5.4489e-48 1.1412e-37 8.1734e-37 9.9438e-42 1.1421e-55 4.2736e-77 0.01 4.1306e-11 1.6629e-22 1.5123e-10 4.9585e-28 2.0657e-42 5.6936e-65
1.5876e-17 0.89636 4.7867e-21 1.0992e-10 8.4352e-31 7.8291e-29 7.4769e-26 4.459e-40 3.0181e-50 1.4416e-58 1.1533e-101 8.6038e-83 1.6704e-63 8.0234e-52 1.1081e-45 4.3898e-80 6.9445e-69 1.3936e-60 1.144e-55 1.0211e-54 4.3168e-50 5.3623e-33 5.862e-22 1.8276e-44 3.3087e-33 9.6538e-45 2.9517e-59 2.7621e-86 2.2866e-75 4.7948e-68 7.5956e-65 3.8342e-80 1.4808e-62 2.6076e-46 5.4614e-36 3.9114e-35 4.7586e-40 5.4656e-54 2.0451e-75 0.01 4.1306e-11 1.6629e-22 1.5123e-10 4.9585e-28 2.0657e-42 5.6936e-65
3.3175e-19 0.89636 4.7867e-21 1.0992e-10 5.8352e-30 5.4159e-28 5.1723e-25 6.4457e-41 4.3629e-51 2.0839e-59 5.5193e-100 4.1173e-81 7.9936e-62 3.8396e-50 5.3028e-44 9.1732e-82 1.4512e-70 2.9122e-62 2.3905e-57 2.1338e-56 4.3168e-50 5.3623e-33 5.862e-22 1.2643e-43 2.2889e-32 6.6782e-44 2.0419e-58 5.7719e-88 4.7782e-77 1.0019e-69 1.5872e-66 8.0121e-82 7.0862e-61 1.2479e-44 2.6135e-34 1.8718e-33 2.2772e-38 2.6155e-52 9.787e-74 0.01 4.1306e-11 1.6629e-22 1.5123e-10 4.9585e-28 2.0657e-42 5.6936e-65
6.9323e-21 0.89636 4.7867e-21 1.0992e-10 4.0367e-29 3.7466e-27 3.5781e-24 9.3177e-42 6.3068e-52 3.0124e-60 2.6413e-98 1.9703e-79 3.8254e-60 1.8374e-48 2.5377e-42 1.9169e-83 3.0324e-72 6.0855e-64 4.9953e-59 4.4588e-58 4.3168e-50 5.3623e-33 5.862e-22 8.7461e-43 1.5834e-31 4.6198e-43 1.4125e-57 1.2061e-89 9.9847e-79 2.0937e-71 3.3167e-68 1.6742e-83 3.3911e-59 5.9716e-43 1.2507e-32 8.9575e-32 1.0898e-36 1.2517e-50 4.6836e-72 0.01 4.1306e-11 1.6629e-22 1.5123e-10 4.9585e-28 2.0657e-42 5.6936e-65
1.4486e-22 0.89636 4.7867e-21 1.0992e-10 2.7924e-28 2.5918e-26 2.4752e-23 1.3469e-42 9.1169e-53 4.3546e-61 1.264e-96 9.4291e-78 1.8306e-58 8.7931e-47 1.2144e-40 4.0056e-85 6.3367e-74 1.2716e-65 1.0438e-60 9.3173e-60 4.3168e-50 5.3623e-33 5.862e-22 6.0503e-42 1.0953e-30 3.1958e-42 9.7714e-57 2.5204e-91 2.0865e-80 4.3751e-73 6.9308e-70 3.4986e-85 1.6228e-57 2.8577e-41 5.9852e-31 4.2866e-30 5.2151e-35 5.9898e-49 2.2413e-70 0.01 4.1306e-11 1.6629e-22 1.5123e-10 4.9585e-28 2.0657e-42 5.6936e-65
3.0271e-24 0.89636 4.7867e-21 1.0992e-10 1.9317e-27 1.7929e-25 1.7123e-22 1.9471e-43 1.3179e-53 6.2949e-62 6.0487e-95 4.5123e-76 8.7604e-57 4.2079e-45 5.8115e-39 8.3703e-87 1.3241e-75 2.6573e-67 2.1813e-62 1.947e-61 4.3168e-50 5.3623e-33 5.862e-22 4.1854e-41 7.5773e-30 2.2108e-41 6.7596e-56 5.2667e-93 4.36e-82 9.1425e-75 1.4483e-71 7.3108e-87 7.766e-56 1.3675e-39 2.8642e-29 2.0513e-28 2.4957e-33 2.8664e-47 1.0726e-68 0.01 4.1306e-11 1.6629e-22 1.5123e-10 4.9585e-28 2.0657e-42 5.6936e-65
6.3256e-26 0.89636 4.7867e-21 1.0992e-10 1.3363e-26 1.2403e-24 1.1845e-21 2.8146e-44 1.9051e-54 9.0997e-63 2.8946e-93 2.1593e-74 4.1923e-55 2.0137e-43 2.7811e-37 1.7491e-88 2.767e-77 5.5528e-69 4.5581e-64 4.0685e-63 4.3168e-50 5.3623e-33 5.862e-22 2.8954e-40 5.2418e-29 1.5294e-40 4.6761e-55 1.1006e-94 9.1108e-84 1.9105e-76 3.0264e-73 1.5277e-88 3.7164e-54 6.5444e-38 1.3707e-27 9.8167e-27 1.1943e-31 1.3717e-45 5.1328e-67 0.01 4.1306e-11 1.6629e-22 1.5123e-10 4.9585e-28 2.0657e-42 5.6936e-65
1.3218e-27 0.89636 4.7867e-21 1.0992e-10 9.2443e-26 8.58e-24 8.1941e-21 4.0687e-45 2.754e-55 1.3154e-63 1.3852e-91 1.0334e-72 2.0062e-53 9.6365e-42 1.3309e-35 3.655e-90 5.7821e-79 1.1603e-70 9.5248e-66 8.5018e-65 4.3168e-50 5.3623e-33 5.862e-22 2.0029e-39 3.6261e-28 1.058e-39 3.2348e-54 2.2998e-96 1.9038e-85 3.9922e-78 6.3242e-75 3.1924e-90 1.7785e-52 3.1318e-36 6.5593e-26 4.6978e-25 5.7153e-30 6.5644e-44 2.4563e-65 0.01 4.1306e-11 1.6629e-22 1.5123e-10 4.9585e-28 2.0657e-42 5.6936e-65
2.7621e-29 0.89636 4.7867e-21 1.0992e-10 6.395e-25 5.9354e-23 5.6685e-20 5.8816e-46 3.981e-56 1.9015e-64 6.6289e-90 4.9451e-71 9.6007e-52 4.6115e-40 6.3689e-34 7.6377e-92 1.2082e-80 2.4247e-72 1.9903e-67 1.7766e-66 4.3168e-50 5.3623e-33 5.862e-22 1.3856e-38 2.5084e-27 7.3188e-39 2.2377e-53 4.8057e-98 3.9784e-87 8.3423e-80 1.3215e-76 6.6709e-92 8.5109e-51 1.4987e-34 3.139e-24 2.2481e-23 2.7351e-28 3.1414e-42 1.1755e-63 0.01 4.1306e-11 1.6629e-22 1.5123e-10 4.9585e-28 2.0657e-42 5.6936e-65
5.7719e-31 0.89636 4.7867e-21 1.0992e-10 4.4239e-24 4.106e-22 3.9213e-19 8.5022e-47 5.7548e-57 2.7488e-65 3.1723e-88 2.3665e-69 4.5944e-50 2.2069e-38 3.0479e-32 1.596e-93 2.5248e-82 5.0668e-74 4.1591e-69 3.7124e-68 4.3168e-50 5.3623e-33 5.862e-22 9.5851e-38 1.7353e-26 5.0629e-38 1.548e-52 1.0042e-99 8.3134e-89 1.7432e-81 2.7615e-78 1.394e-93 4.0729e-49 7.1721e-33 1.5021e-22 1.0758e-21 1.3089e-26 1.5033e-40 5.6252e-62 0.01 4.1306e-11 1.6629e-22 1.5123e-10 4.9585e-28 2.0657e-42 5.6936e-65
