$P_{O_2}$ $\mu_e$ e h $V_{O}^{\times}$ $V_{O}^{\bullet}$ $V_{O}^{\bullet\bullet}$ $O_{i}^{\times}$ $O_{i}^{'}$ $O_{i}^{''}$ $Sn_{i}^{\times}$ $Sn_{i}^{\bullet}$ $Sn_{i}^{\bullet\bullet}$ $Sn_{i}^{\bullet\bullet\bullet}$ $Sn_{i}^{\bullet\bullet\bullet\bullet}$ $V_{Sn}^{\times}$ $V_{Sn}^{'}$ $V_{Sn}^{''}$ $V_{Sn}^{'''}$ $V_{Sn}^{''''}$ $H_{i}^{'}$ $H_{i}^{\times}$ $H_{i}^{\bullet}$ $H_{O}^{\times}$ $H_{O}^{\bullet}$ $H_{O}^{\bullet\bullet}$ $H_{O}^{\bullet\bullet\bullet}$ $H_{Sn}^{\times}$ $H_{Sn}^{'}$ $H_{Sn}^{''}$ $H_{Sn}^{'''}$ $H_{Sn}^{''''}$ $Rh_{i}^{\times}$ $Rh_{i}^{\bullet}$ $Rh_{i}^{\bullet\bullet}$ $Rh_{i}^{\bullet\bullet\bullet}$ $Rh_{i}^{\bullet\bullet\bullet\bullet}$ $Rh_{i}^{\bullet\bullet\bullet\bullet\bullet}$ $Rh_{i}^{\bullet\bullet\bullet\bullet\bullet\bullet}$ $Rh_{Sn}^{\times}$ $Rh_{Sn}^{\bullet}$ $Rh_{Sn}^{\bullet\bullet}$ $Rh_{Sn}^{'}$ $Rh_{Sn}^{''}$ $Rh_{Sn}^{'''}$ $Rh_{Sn}^{''''}$
1 0.30987 2.9365e-14 0.00059417 8.1987e-20 2.2946e-16 2.0599e-12 4.731e-16 1.3398e-23 3.1875e-30 1.9136e-59 1.5184e-47 1.9435e-35 3.913e-27 1.3359e-21 5.2584e-32 7.1996e-29 3.5108e-27 3.4625e-27 3.561e-29 1.0115e-27 1.0356e-16 9.9469e-09 1.2068e-26 1.4917e-18 7.4019e-22 1.189e-26 4.1711e-35 4.1312e-32 6.5121e-31 8.9222e-32 6.9004e-42 4.3729e-34 1.197e-25 2.0033e-19 3.3964e-13 7.0969e-17 3.6209e-22 6.4096e-29 0.0088072 0.00029919 8.9121e-08 0.00089355 1.8978e-13 4.2385e-26 1.519e-41
0.14456 0.30987 2.9365e-14 0.00059417 2.1564e-19 6.0351e-16 5.418e-12 1.7987e-16 5.0941e-24 1.2119e-30 1.3238e-58 1.0504e-46 1.3445e-34 2.7069e-26 9.2412e-21 7.6014e-33 1.0407e-29 5.0751e-28 5.0053e-28 5.1477e-30 1.0115e-27 1.0356e-16 9.9469e-09 3.1741e-26 3.9234e-18 1.9468e-21 3.1272e-26 6.0296e-36 5.972e-33 9.4137e-32 1.2898e-32 9.975e-43 3.0251e-33 8.2805e-25 1.3858e-18 2.3495e-12 4.9094e-16 2.5048e-21 4.434e-28 0.0088072 0.00029919 8.9121e-08 0.00089355 1.8978e-13 4.2385e-26 1.519e-41
0.020896 0.30987 2.9365e-14 0.00059417 5.6716e-19 1.5873e-15 1.425e-11 6.8389e-17 1.9368e-24 4.6078e-31 9.1577e-58 7.2661e-46 9.3007e-34 1.8726e-25 6.3928e-20 1.0988e-33 1.5045e-30 7.3364e-29 7.2355e-29 7.4413e-31 1.0115e-27 1.0356e-16 9.9469e-09 8.3484e-26 1.0319e-17 5.1204e-21 8.2251e-26 8.7162e-37 8.6328e-34 1.3608e-32 1.8644e-33 1.4419e-43 2.0926e-32 5.7282e-24 9.5869e-18 1.6253e-11 3.3962e-15 1.7328e-20 3.0673e-27 0.0088072 0.00029919 8.9121e-08 0.00089355 1.8978e-13 4.2385e-26 1.519e-41
0.0030207 0.30987 2.9365e-14 0.00059417 1.4917e-18 4.1749e-15 3.748e-11 2.6002e-17 7.3639e-25 1.7519e-31 6.3351e-57 5.0265e-45 6.434e-33 1.2954e-24 4.4224e-19 1.5884e-34 2.1748e-31 1.0605e-29 1.0459e-29 1.0757e-31 1.0115e-27 1.0356e-16 9.9469e-09 2.1958e-25 2.7141e-17 1.3468e-20 2.1633e-25 1.26e-37 1.2479e-34 1.9671e-33 2.6951e-34 2.0844e-44 1.4476e-31 3.9626e-23 6.6319e-17 1.1244e-10 2.3494e-14 1.1987e-19 2.1219e-26 0.0088072 0.00029919 8.9121e-08 0.00089355 1.8979e-13 4.2385e-26 1.519e-41
0.00043666 0.30987 2.9365e-14 0.00059417 3.9235e-18 1.0981e-14 9.8578e-11 9.8861e-18 2.7998e-25 6.6609e-32 4.3824e-56 3.4772e-44 4.4508e-32 8.961e-24 3.0593e-18 2.2962e-35 3.1438e-32 1.5331e-30 1.512e-30 1.555e-32 1.0115e-27 1.0356e-16 9.9469e-09 5.7752e-25 7.1384e-17 3.5422e-20 5.6899e-25 1.8214e-38 1.804e-35 2.8436e-34 3.896e-35 3.0132e-45 1.0014e-30 2.7412e-22 4.5878e-16 7.7781e-10 1.6252e-13 8.292e-19 1.4678e-25 0.0088072 0.00029919 8.9121e-08 0.00089355 1.8979e-13 4.2385e-26 1.519e-41
6.3122e-05 0.30987 2.9365e-14 0.00059417 1.0319e-17 2.8881e-14 2.5927e-10 3.7587e-18 1.0645e-25 2.5325e-32 3.0316e-55 2.4054e-43 3.0789e-31 6.1989e-23 2.1162e-17 3.3192e-36 4.5446e-33 2.2162e-31 2.1857e-31 2.2479e-33 1.0115e-27 1.0356e-16 9.9468e-09 1.519e-24 1.8775e-16 9.3163e-20 1.4965e-24 2.6329e-39 2.6078e-36 4.1107e-35 5.632e-36 4.3559e-46 6.9277e-30 1.8963e-21 3.1737e-15 5.3805e-09 1.1243e-12 5.736e-18 1.0154e-24 0.0088072 0.00029918 8.912e-08 0.00089355 1.8979e-13 4.2386e-26 1.5191e-41
9.1247e-06 0.30988 2.9367e-14 0.00059413 2.7142e-17 7.5956e-14 6.8185e-10 1.4291e-18 4.0475e-26 9.6299e-33 2.0972e-54 1.6639e-42 2.1297e-30 4.2875e-22 1.4636e-16 4.7982e-37 6.5698e-34 3.204e-32 3.1601e-32 3.2502e-34 1.0115e-27 1.0356e-16 9.9463e-09 3.9951e-24 4.9379e-16 2.4501e-19 3.9353e-24 3.8061e-40 3.7699e-37 5.9429e-36 8.1428e-37 6.2981e-47 4.7923e-29 1.3117e-20 2.1952e-14 3.7215e-08 7.7756e-12 3.9669e-17 7.0217e-24 0.0088071 0.00029917 8.911e-08 0.0008936 1.8981e-13 4.2393e-26 1.5194e-41
1.319e-06 0.30992 2.9378e-14 0.00059391 7.1387e-17 1.997e-13 1.792e-09 5.4335e-19 1.5395e-26 3.6641e-33 1.4508e-53 1.1506e-41 1.4721e-29 2.9626e-21 1.011e-15 6.9361e-38 9.5007e-35 4.635e-33 4.5733e-33 4.7055e-35 1.0119e-27 1.0356e-16 9.9425e-09 1.0508e-23 1.2982e-15 6.4392e-19 1.0339e-23 5.5019e-41 5.4517e-38 8.5973e-37 1.1784e-37 9.1181e-48 3.3151e-28 9.0705e-20 1.5174e-13 2.5714e-07 5.3706e-11 2.7389e-16 4.8462e-23 0.0088069 0.00029905 8.904e-08 0.00089392 1.8995e-13 4.244e-26 1.5217e-41
1.9067e-07 0.31019 2.9455e-14 0.00059239 1.8776e-16 5.2388e-13 4.6888e-09 2.0658e-19 5.8684e-27 1.4004e-33 1.0036e-52 7.9389e-41 1.0131e-28 2.0335e-20 6.9213e-15 1.0027e-38 1.377e-35 6.7351e-34 6.6628e-34 6.8731e-36 1.0145e-27 1.0356e-16 9.9167e-09 2.7637e-23 3.4057e-15 1.6848e-18 2.6981e-23 7.9533e-42 7.9012e-39 1.2493e-37 1.7168e-38 1.3319e-48 2.293e-27 6.2575e-19 1.0441e-12 1.7647e-06 3.6763e-10 1.8699e-15 3.3001e-22 0.0088056 0.00029822 8.8565e-08 0.00089611 1.9091e-13 4.2766e-26 1.5373e-41
2.7563e-08 0.31194 2.9958e-14 0.00058258 4.9383e-16 1.3547e-12 1.1921e-08 7.8544e-20 2.2693e-27 5.5078e-34 6.9427e-52 5.3996e-40 6.7748e-28 1.337e-19 4.4742e-14 1.4494e-39 2.0245e-36 1.0072e-34 1.0134e-34 1.0632e-36 1.0319e-27 1.0356e-16 9.7501e-09 7.269e-23 8.8071e-15 4.2837e-18 6.7448e-23 1.1497e-42 1.1617e-39 1.8682e-38 2.6112e-39 2.0603e-49 1.5846e-26 4.2516e-18 6.9748e-12 1.1591e-05 2.374e-09 1.1873e-14 2.0601e-21 0.0087965 0.00029291 8.5525e-08 0.00091048 1.9729e-13 4.495e-26 1.6435e-41
3.9844e-09 0.32087 3.2661e-14 0.00053501 1.2989e-15 3.2682e-12 2.6379e-08 2.9863e-20 9.4067e-28 2.4891e-34 4.8028e-51 3.4261e-39 3.9429e-27 7.1372e-19 2.1907e-13 2.0952e-40 3.1906e-37 1.7305e-35 1.8983e-35 2.1715e-37 1.125e-27 1.0356e-16 8.943e-09 1.9119e-22 2.1247e-14 9.4788e-18 1.3689e-22 1.662e-43 1.8308e-40 3.2099e-39 4.8916e-40 4.2078e-50 1.0899e-25 2.6822e-17 4.0359e-11 6.1519e-05 1.1557e-08 5.3014e-14 8.4374e-21 0.0087459 0.00026712 7.1539e-08 0.00098693 2.3315e-13 5.7915e-26 2.3086e-41
5.7597e-10 0.34592 4.1612e-14 0.00042114 3.4162e-15 6.7469e-12 4.2743e-08 1.1354e-20 4.5567e-28 1.5362e-34 3.3224e-50 1.8603e-38 1.6803e-26 2.3874e-18 5.7516e-13 3.0287e-41 5.8763e-38 4.0607e-36 5.6752e-36 8.2709e-38 1.4333e-27 1.0356e-16 7.0193e-09 5.0285e-22 4.3861e-14 1.5359e-17 1.741e-22 2.4025e-44 3.3719e-41 7.532e-40 1.4624e-40 1.6027e-50 7.3821e-25 1.426e-16 1.6841e-10 0.00020149 2.971e-08 1.0697e-13 1.3362e-20 0.0085635 0.00020529 4.3153e-08 0.0012312 3.7056e-13 1.1728e-25 5.956e-41
8.3261e-11 0.3849 6.0666e-14 0.00028983 8.9852e-15 1.2172e-11 5.2894e-08 4.3169e-21 2.5257e-28 1.2414e-34 2.2984e-49 8.8271e-38 5.4691e-26 5.3299e-18 8.8076e-13 4.3782e-42 1.2384e-38 1.2476e-36 2.5421e-36 5.4011e-38 2.0896e-27 1.0356e-16 4.8147e-09 1.3226e-21 7.913e-14 1.9006e-17 1.4778e-22 3.4729e-45 7.1062e-42 2.3142e-40 6.5503e-41 1.0466e-50 4.8639e-24 6.4445e-16 5.2208e-10 0.00042844 4.3333e-08 1.0701e-13 9.1695e-21 0.0081563 0.00013412 1.9338e-08 0.0017096 7.5015e-13 3.4611e-25 2.5626e-40
1.2036e-11 0.43052 9.4304e-14 0.00018694 2.3632e-14 2.0595e-11 5.7573e-08 1.6413e-21 1.4928e-28 1.1405e-34 1.59e-48 3.9282e-37 1.5657e-25 9.8159e-18 1.0435e-12 6.329e-43 2.7828e-39 4.358e-37 1.3803e-36 4.5588e-38 3.2482e-27 1.0356e-16 3.0973e-09 3.4786e-21 1.3389e-13 2.0687e-17 1.0348e-22 5.0203e-46 1.5968e-42 8.0835e-41 3.5567e-41 8.8339e-51 3.0869e-23 2.6311e-15 1.3712e-09 0.00072388 4.7099e-08 7.4827e-14 4.1245e-21 0.0074828 7.9153e-05 7.3419e-09 0.0024381 1.663e-12 1.1927e-24 1.3728e-39
1.7399e-12 0.47878 1.5039e-13 0.00011743 6.2157e-14 3.3966e-11 5.954e-08 6.2403e-22 9.0511e-29 1.1028e-34 1.0999e-47 1.704e-36 4.2588e-25 1.6742e-17 1.116e-12 9.1489e-44 6.4152e-40 1.6022e-37 8.0927e-37 4.2625e-38 5.1801e-27 1.0356e-16 1.9422e-09 9.1493e-21 2.2081e-13 2.1394e-17 6.7102e-23 7.2572e-47 3.6812e-43 2.9718e-41 2.0853e-41 8.2597e-51 1.8698e-22 9.9937e-15 3.2658e-09 0.0010811 4.4108e-08 4.3941e-14 1.5188e-21 0.0065521 4.346e-05 2.5278e-09 0.0034045 3.7033e-12 4.2358e-24 7.7746e-39
2.5151e-13 0.52808 2.4225e-13 7.2985e-05 1.6348e-13 5.5463e-11 6.0357e-08 2.3726e-22 5.5431e-29 1.0879e-34 7.6087e-47 7.3181e-36 1.1355e-24 2.7713e-17 1.1469e-12 1.3225e-44 1.4938e-40 6.0092e-38 4.8891e-37 4.1479e-38 8.344e-27 1.0356e-16 1.2058e-09 2.4064e-20 3.6056e-13 2.1688e-17 4.223e-23 1.0491e-47 8.5715e-44 1.1146e-41 1.2598e-41 8.0377e-51 1.0723e-21 3.558e-14 7.2183e-09 0.0014835 3.7575e-08 2.3239e-14 4.9866e-22 0.0054316 2.2367e-05 8.0764e-10 0.004546 7.9654e-12 1.4675e-23 4.3387e-38
3.6357e-14 0.57778 3.9175e-13 4.5164e-05 4.2998e-13 9.0205e-11 6.0703e-08 9.0208e-23 3.4082e-29 1.0817e-34 5.2635e-46 3.1305e-35 3.0036e-24 4.533e-17 1.16e-12 1.9118e-45 3.492e-41 2.2717e-38 2.9889e-37 4.1008e-38 1.3493e-26 1.0356e-16 7.4561e-10 6.3292e-20 5.8642e-13 2.1812e-17 2.6263e-23 1.5165e-48 2.0038e-44 4.2137e-42 7.7017e-42 7.9464e-51 5.7965e-21 1.1893e-13 1.4921e-08 0.0018962 2.97e-08 1.1358e-14 1.5072e-22 0.0042444 1.0808e-05 2.4133e-10 0.0057448 1.6278e-11 4.8498e-23 2.3187e-37
5.2556e-15 0.62765 6.3453e-13 2.7896e-05 1.1309e-12 1.4648e-10 6.0855e-08 3.4297e-23 2.0989e-29 1.079e-34 3.6411e-45 1.337e-34 7.9198e-24 7.3792e-17 1.1659e-12 2.7636e-46 8.1762e-42 8.6155e-39 1.8361e-37 4.0803e-38 2.1856e-26 1.0356e-16 4.6032e-10 1.6647e-19 9.5223e-13 2.1867e-17 1.6255e-23 2.1922e-49 4.6917e-45 1.5981e-42 4.7312e-42 7.9067e-51 2.9579e-20 3.747e-13 2.9022e-08 0.002277 2.2018e-08 5.1988e-15 4.2589e-23 0.003131 4.9222e-06 6.7854e-11 0.0068641 3.1503e-11 1.5203e-22 1.1773e-36
7.5973e-16 0.67759 1.0285e-12 1.7215e-05 2.9745e-12 2.3769e-10 6.0925e-08 1.304e-23 1.2934e-29 1.0777e-34 2.5188e-44 5.7062e-34 2.0854e-23 1.1988e-16 1.1686e-12 3.995e-47 1.9157e-42 3.2719e-39 1.1302e-37 4.0709e-38 3.5425e-26 1.0356e-16 2.84e-10 4.3784e-19 1.5452e-12 2.1892e-17 1.004e-23 3.169e-50 1.0993e-45 6.0689e-43 2.9122e-42 7.8885e-51 1.435e-19 1.1215e-12 5.3592e-08 0.0025942 1.5477e-08 2.2546e-15 1.1395e-23 0.0021957 2.1297e-06 1.8113e-11 0.0078022 5.804e-11 4.5398e-22 5.6984e-36
1.0982e-16 0.72757 1.6675e-12 1.062e-05 7.8234e-12 3.8559e-10 6.096e-08 4.9579e-24 7.9732e-30 1.0771e-34 1.7425e-43 2.4347e-33 5.4881e-23 1.9459e-16 1.1699e-12 5.775e-48 4.4899e-43 1.2433e-39 6.9629e-38 4.0663e-38 5.7435e-26 1.0356e-16 1.7517e-10 1.1516e-18 2.5067e-12 2.1904e-17 6.1963e-24 4.5809e-51 2.5764e-46 2.3061e-43 1.7942e-42 7.8796e-51 6.6861e-19 3.223e-12 9.4992e-08 0.0028361 1.0436e-08 9.3767e-16 2.9231e-24 0.0014789 8.8473e-07 4.6411e-12 0.0085202 1.0276e-10 1.3032e-21 2.6521e-35
1.5876e-17 0.77755 2.7039e-12 6.5499e-06 2.0577e-11 6.2542e-10 6.0977e-08 1.885e-24 4.9156e-30 1.0768e-34 1.2054e-42 1.0387e-32 1.4439e-22 3.1571e-16 1.1705e-12 8.3481e-49 1.0524e-43 4.7257e-40 4.2915e-38 4.064e-38 9.3134e-26 1.0356e-16 1.0803e-10 3.0288e-18 4.0658e-12 2.1911e-17 3.8223e-24 6.622e-52 6.0391e-47 8.7655e-44 1.1058e-42 7.8751e-51 3.024e-18 8.9896e-12 1.6339e-07 0.0030085 6.827e-09 3.7828e-16 7.2723e-25 0.00096689 3.5672e-07 1.154e-12 0.0090328 1.7666e-10 3.6328e-21 1.1988e-34
2.2949e-18 0.82754 4.3848e-12 4.0393e-06 5.412e-11 1.0144e-09 6.0986e-08 7.167e-25 3.0308e-30 1.0767e-34 8.3385e-42 4.4308e-32 3.7982e-22 5.1213e-16 1.1709e-12 1.2068e-49 2.4672e-44 1.7965e-40 2.6456e-38 4.0628e-38 1.5103e-25 1.0356e-16 6.6614e-11 7.9663e-18 6.5943e-12 2.1914e-17 2.3574e-24 9.5725e-53 1.4157e-47 3.3322e-44 6.8171e-43 7.8727e-51 1.3397e-17 2.4558e-11 2.7526e-07 0.0031253 4.3733e-09 1.4943e-16 1.7715e-25 0.0006192 1.4087e-07 2.8102e-13 0.0093807 2.9751e-10 9.9213e-21 5.3093e-34
3.3175e-19 0.87754 7.1109e-12 2.4908e-06 1.4234e-10 1.6451e-09 6.0991e-08 2.7249e-25 1.8687e-30 1.0766e-34 5.7684e-41 1.89e-31 9.9906e-22 8.3065e-16 1.1711e-12 1.7445e-50 5.7837e-45 6.8298e-41 1.6311e-38 4.0622e-38 2.4493e-25 1.0356e-16 4.1076e-11 2.0953e-17 1.0695e-11 2.1915e-17 1.4537e-24 1.3838e-53 3.3188e-48 1.2668e-44 4.203e-43 7.8716e-51 5.8536e-17 6.6168e-11 4.5731e-07 0.0032017 2.7627e-09 5.8209e-17 4.2551e-26 0.00039111 5.4866e-08 6.7492e-14 0.0096088 4.9421e-10 2.6727e-20 2.3195e-33
4.7956e-20 0 1.467e-15 0.0095844 0 0 0 0 0 0 0 0 0 0 0 0 0 0 0 0 0 0 0 0 0 0 0 0 0 0 0 0 0 0 0 0 0 0 0 0 0 0 0 0 0 0
6.9323e-21 0 1.467e-15 0.0095844 0 0 0 0 0 0 0 0 0 0 0 0 0 0 0 0 0 0 0 0 0 0 0 0 0 0 0 0 0 0 0 0 0 0 0 0 0 0 0 0 0 0
1.0021e-21 0 1.467e-15 0.0095844 0 0 0 0 0 0 0 0 0 0 0 0 0 0 0 0 0 0 0 0 0 0 0 0 0 0 0 0 0 0 0 0 0 0 0 0 0 0 0 0 0 0
1.4486e-22 0 1.467e-15 0.0095844 0 0 0 0 0 0 0 0 0 0 0 0 0 0 0 0 0 0 0 0 0 0 0 0 0 0 0 0 0 0 0 0 0 0 0 0 0 0 0 0 0 0
2.0941e-23 0 1.467e-15 0.0095844 0 0 0 0 0 0 0 0 0 0 0 0 0 0 0 0 0 0 0 0 0 0 0 0 0 0 0 0 0 0 0 0 0 0 0 0 0 0 0 0 0 0
3.0271e-24 0 1.467e-15 0.0095844 0 0 0 0 0 0 0 0 0 0 0 0 0 0 0 0 0 0 0 0 0 0 0 0 0 0 0 0 0 0 0 0 0 0 0 0 0 0 0 0 0 0
4.3759e-25 0 1.467e-15 0.0095844 0 0 0 0 0 0 0 0 0 0 0 0 0 0 0 0 0 0 0 0 0 0 0 0 0 0 0 0 0 0 0 0 0 0 0 0 0 0 0 0 0 0
6.3256e-26 0 1.467e-15 0.0095844 0 0 0 0 0 0 0 0 0 0 0 0 0 0 0 0 0 0 0 0 0 0 0 0 0 0 0 0 0 0 0 0 0 0 0 0 0 0 0 0 0 0
9.144e-27 0 1.467e-15 0.0095844 0 0 0 0 0 0 0 0 0 0 0 0 0 0 0 0 0 0 0 0 0 0 0 0 0 0 0 0 0 0 0 0 0 0 0 0 0 0 0 0 0 0
1.3218e-27 0 1.467e-15 0.0095844 0 0 0 0 0 0 0 0 0 0 0 0 0 0 0 0 0 0 0 0 0 0 0 0 0 0 0 0 0 0 0 0 0 0 0 0 0 0 0 0 0 0
1.9108e-28 0 1.467e-15 0.0095844 0 0 0 0 0 0 0 0 0 0 0 0 0 0 0 0 0 0 0 0 0 0 0 0 0 0 0 0 0 0 0 0 0 0 0 0 0 0 0 0 0 0
2.7621e-29 0 1.467e-15 0.0095844 0 0 0 0 0 0 0 0 0 0 0 0 0 0 0 0 0 0 0 0 0 0 0 0 0 0 0 0 0 0 0 0 0 0 0 0 0 0 0 0 0 0
3.9929e-30 0 1.467e-15 0.0095844 0 0 0 0 0 0 0 0 0 0 0 0 0 0 0 0 0 0 0 0 0 0 0 0 0 0 0 0 0 0 0 0 0 0 0 0 0 0 0 0 0 0
5.7719e-31 0 1.467e-15 0.0095844 0 0 0 0 0 0 0 0 0 0 0 0 0 0 0 0 0 0 0 0 0 0 0 0 0 0 0 0 0 0 0 0 0 0 0 0 0 0 0 0 0 0
