$P_{O_2}$ $\mu_e$ e h $V_{O}^{\times}$ $V_{O}^{\bullet}$ $V_{O}^{\bullet\bullet}$ $O_{i}^{\times}$ $O_{i}^{'}$ $O_{i}^{''}$ $Sn_{i}^{\times}$ $Sn_{i}^{\bullet}$ $Sn_{i}^{\bullet\bullet}$ $Sn_{i}^{\bullet\bullet\bullet}$ $Sn_{i}^{\bullet\bullet\bullet\bullet}$ $V_{Sn}^{\times}$ $V_{Sn}^{'}$ $V_{Sn}^{''}$ $V_{Sn}^{'''}$ $V_{Sn}^{''''}$ $H_{i}^{'}$ $H_{i}^{\times}$ $H_{i}^{\bullet}$ $H_{O}^{\times}$ $H_{O}^{\bullet}$ $H_{O}^{\bullet\bullet}$ $H_{O}^{\bullet\bullet\bullet}$ $H_{Sn}^{\times}$ $H_{Sn}^{'}$ $H_{Sn}^{''}$ $H_{Sn}^{'''}$ $H_{Sn}^{''''}$ $Ni_{i}^{\times}$ $Ni_{i}^{\bullet}$ $Ni_{i}^{\bullet\bullet}$ $Ni_{i}^{\bullet\bullet\bullet}$ $Ni_{i}^{\bullet\bullet\bullet\bullet}$ $Ni_{Sn}^{\times}$ $Ni_{Sn}^{'}$ $Ni_{Sn}^{''}$ $Ni_{Sn}^{'''}$ $Ni_{Sn}^{''''}$
1 0.62947 2.7432e-23 1.9181e-08 3.3609e-39 5.4432e-35 9.0707e-30 1.1191e-31 4.3411e-44 1.1883e-54 1.831e-118 2.3834e-97 8.0743e-76 6.7674e-62 1.6309e-53 2.7651e-63 2.5069e-54 2.8831e-48 1.3563e-45 6.938e-47 2.4739e-52 5.3623e-33 1.0229e-19 7.2821e-53 2.3004e-39 1.1712e-48 6.2483e-61 1.7398e-69 8.2543e-61 9.9194e-56 9.0054e-55 2.6052e-72 8.5993e-47 3.8078e-33 6.5796e-25 3.027e-28 1.8447e-37 9.9981e-05 1.9181e-08 2.6316e-20 1.3118e-38 1.0518e-61
0.020896 0.62947 2.7432e-23 1.9181e-08 2.325e-38 3.7654e-34 6.2748e-29 1.6177e-32 6.2753e-45 1.7178e-55 8.7623e-117 1.1406e-95 3.8639e-74 3.2385e-60 7.8045e-52 5.7781e-65 5.2385e-56 6.0247e-50 2.8342e-47 1.4498e-48 2.4739e-52 5.3623e-33 1.0229e-19 5.0375e-52 1.5914e-38 8.1017e-48 4.3224e-60 3.6357e-71 1.7249e-62 2.0728e-57 1.8818e-56 5.4439e-74 4.1152e-45 1.8222e-31 3.1486e-23 1.4485e-26 8.8277e-36 9.9981e-05 1.9181e-08 2.6316e-20 1.3118e-38 1.0518e-61
0.00043666 0.62947 2.7432e-23 1.9181e-08 1.6084e-37 2.6048e-33 4.3408e-28 2.3385e-33 9.0713e-46 2.4831e-56 4.1932e-115 5.4582e-94 1.8491e-72 1.5498e-58 3.7348e-50 1.2074e-66 1.0947e-57 1.2589e-51 5.9224e-49 3.0296e-50 2.4739e-52 5.3623e-33 1.0229e-19 3.4848e-51 1.1009e-37 5.6046e-47 2.9901e-59 7.5973e-73 3.6044e-64 4.3314e-59 3.9323e-58 1.1376e-75 1.9693e-43 8.7202e-30 1.5068e-21 6.932e-25 4.2245e-34 9.9981e-05 1.9181e-08 2.6316e-20 1.3118e-38 1.0518e-61
9.1247e-06 0.62947 2.7432e-23 1.9181e-08 1.1126e-36 1.8019e-32 3.0028e-27 3.3805e-34 1.3113e-46 3.5895e-57 2.0066e-113 2.612e-92 8.8488e-71 7.4165e-57 1.7873e-48 2.5231e-68 2.2875e-59 2.6308e-53 1.2376e-50 6.3307e-52 2.4739e-52 5.3623e-33 1.0229e-19 2.4107e-50 7.6154e-37 3.8771e-46 2.0685e-58 1.5876e-74 7.5318e-66 9.0512e-61 8.2172e-60 2.3771e-77 9.4242e-42 4.173e-28 7.2107e-20 3.3173e-23 2.0216e-32 9.9981e-05 1.9181e-08 2.6316e-20 1.3118e-38 1.0518e-61
1.9067e-07 0.62947 2.7432e-23 1.9181e-08 7.6969e-36 1.2465e-31 2.0773e-26 4.8867e-35 1.8956e-47 5.1889e-58 9.6028e-112 1.25e-90 4.2346e-69 3.5492e-55 8.5531e-47 5.2724e-70 4.78e-61 5.4974e-55 2.5861e-52 1.3229e-53 2.4739e-52 5.3623e-33 1.0229e-19 1.6677e-49 5.2681e-36 2.6821e-45 1.4309e-57 3.3174e-76 1.5739e-67 1.8914e-62 1.7171e-61 4.9674e-79 4.5099e-40 1.997e-26 3.4507e-18 1.5875e-21 9.6745e-31 9.9981e-05 1.9181e-08 2.6316e-20 1.3118e-38 1.0518e-61
3.9844e-09 0.62947 2.7432e-23 1.9181e-08 5.3245e-35 8.6232e-31 1.437e-25 7.064e-36 2.7402e-48 7.5008e-59 4.5954e-110 5.9818e-89 2.0265e-67 1.6985e-53 4.0931e-45 1.1017e-71 9.9885e-63 1.1488e-56 5.4041e-54 2.7644e-55 2.4739e-52 5.3623e-33 1.0229e-19 1.1536e-48 3.6443e-35 1.8554e-44 9.8987e-57 6.9323e-78 3.2889e-69 3.9523e-64 3.5881e-63 1.038e-80 2.1582e-38 9.5566e-25 1.6513e-16 7.5969e-20 4.6297e-29 9.9981e-05 1.9181e-08 2.6316e-20 1.3118e-38 1.0518e-61
8.3261e-11 0.62947 2.7432e-23 1.9181e-08 3.6833e-34 5.9653e-30 9.9407e-25 1.0212e-36 3.9611e-49 1.0843e-59 2.1991e-108 2.8626e-87 9.6976e-66 8.1279e-52 1.9587e-43 2.3023e-73 2.0872e-64 2.4005e-58 1.1293e-55 5.7766e-57 2.4739e-52 5.3623e-33 1.0229e-19 7.9806e-48 2.5211e-34 1.2835e-43 6.8476e-56 1.4486e-79 6.8726e-71 8.259e-66 7.498e-65 2.1691e-82 1.0328e-36 4.5733e-23 7.9024e-15 3.6355e-18 2.2155e-27 9.9981e-05 1.9181e-08 2.6316e-20 1.3118e-38 1.0518e-61
1.7399e-12 0.62947 2.7432e-23 1.918e-08 2.548e-33 4.1265e-29 6.8765e-24 1.4761e-37 5.7261e-50 1.5675e-60 1.0524e-106 1.3699e-85 4.6406e-64 3.8894e-50 9.3728e-42 4.8109e-75 4.3617e-66 5.0164e-60 2.3599e-57 1.2072e-58 2.474e-52 5.3623e-33 1.0229e-19 5.5207e-47 1.744e-33 8.8785e-43 4.7367e-55 3.0271e-81 1.4362e-72 1.7259e-67 1.5669e-66 4.533e-84 4.9425e-35 2.1885e-21 3.7815e-13 1.7397e-16 1.0602e-25 9.9981e-05 1.9181e-08 2.6317e-20 1.3119e-38 1.0519e-61
3.6357e-14 0.62952 2.7458e-23 1.9163e-08 1.7627e-32 2.852e-28 4.7482e-23 2.1338e-38 8.2851e-51 2.2701e-61 5.0362e-105 6.5494e-84 2.2167e-62 1.8561e-48 4.4688e-40 1.0053e-76 9.1228e-68 1.0502e-61 4.945e-59 2.532e-60 2.4762e-52 5.3623e-33 1.0219e-19 3.8191e-46 1.2053e-32 6.1306e-42 3.2677e-54 6.3255e-83 3.0038e-74 3.6132e-69 3.2834e-68 9.5073e-86 2.3652e-33 1.0463e-19 1.8063e-11 8.3021e-15 5.0547e-24 9.9981e-05 1.9199e-08 2.6366e-20 1.3155e-38 1.0558e-61
7.5973e-16 0.63162 2.8596e-23 1.84e-08 1.2194e-31 1.8944e-27 3.0283e-22 3.0846e-39 1.2473e-51 3.5593e-62 2.4101e-103 3.0094e-82 9.7799e-61 7.8632e-47 1.8178e-38 2.1007e-78 1.9854e-69 2.3803e-63 1.1673e-60 6.2246e-62 2.5789e-52 5.3623e-33 9.8123e-20 2.6419e-45 8.006e-32 3.91e-41 2.0011e-53 1.3218e-84 6.5373e-76 8.1894e-71 7.7505e-70 2.3373e-87 1.1319e-31 4.8078e-18 7.9693e-10 3.517e-13 2.0561e-22 9.9979e-05 1.9995e-08 2.8597e-20 1.486e-38 1.2421e-61
1.5876e-17 0.6608 5.0276e-23 1.0466e-08 8.4352e-31 7.4538e-27 6.7773e-22 4.459e-40 3.1701e-52 1.5904e-62 1.1533e-101 8.1914e-81 1.5141e-59 6.9241e-46 9.1045e-38 4.3898e-80 7.2941e-71 1.5375e-64 1.3256e-61 1.2428e-62 4.5341e-52 5.3623e-33 5.5811e-20 1.8276e-44 3.1501e-31 8.7505e-41 2.5473e-53 2.7621e-86 2.4017e-77 5.2897e-72 8.8015e-71 4.6666e-88 5.4151e-30 1.3083e-16 1.2335e-08 3.0962e-12 1.0295e-21 9.9953e-05 3.5144e-08 8.8372e-20 8.0736e-38 1.1865e-60
3.3175e-19 0.72186 1.6378e-22 3.2127e-09 5.8352e-30 1.5829e-26 4.4182e-22 6.4457e-41 1.4928e-52 2.4396e-62 5.5193e-100 1.2034e-79 6.8283e-59 9.5859e-46 3.8693e-38 9.1732e-82 4.9652e-72 3.4092e-65 9.575e-62 2.9243e-62 1.477e-51 5.3623e-33 1.7133e-20 1.2643e-43 6.6897e-31 5.7046e-41 5.0977e-54 5.7719e-88 1.6349e-78 1.1729e-72 6.3576e-71 1.098e-87 2.5882e-28 1.9196e-15 5.5558e-08 4.2812e-12 4.37e-22 9.983e-05 1.1434e-07 9.366e-19 2.7874e-36 1.3344e-58
6.9323e-21 0.78807 5.8939e-22 8.9273e-10 4.0367e-29 3.0427e-26 2.36e-22 9.3177e-42 7.7657e-53 4.5673e-62 2.6413e-98 1.6002e-78 2.5231e-58 9.8424e-46 1.104e-38 1.9169e-83 3.7339e-73 9.2265e-66 9.3255e-62 1.0249e-61 5.3153e-51 5.3623e-33 4.7608e-21 8.7461e-43 1.2859e-30 3.0471e-41 7.5663e-55 1.2061e-89 1.2294e-79 3.1744e-73 6.1919e-71 3.8486e-87 1.2331e-26 2.5413e-14 2.0438e-07 4.3762e-12 1.2413e-22 9.9386e-05 4.0966e-07 1.2076e-17 1.2934e-34 2.2282e-56
1.4486e-22 0.8547 2.1384e-21 2.4606e-10 2.7924e-28 5.8016e-26 1.2402e-22 1.3469e-42 4.0729e-53 8.6907e-62 1.264e-96 2.1107e-77 9.1726e-58 9.8624e-46 3.049e-39 4.0056e-85 2.8308e-74 2.5379e-66 9.3066e-62 3.7111e-61 1.9285e-50 5.3623e-33 1.3122e-21 6.0503e-42 2.4519e-30 1.6013e-41 1.096e-55 2.5204e-91 9.321e-81 8.7316e-74 6.1793e-71 1.3935e-86 5.8071e-25 3.2987e-13 7.312e-07 4.3154e-12 3.3737e-23 9.7806e-05 1.4627e-06 1.5643e-16 6.0786e-33 3.7994e-54
3.0271e-24 0.92136 7.7631e-21 6.7778e-11 1.9317e-27 1.1055e-25 6.5098e-23 1.9471e-43 2.1374e-53 1.6558e-61 6.0487e-95 2.7822e-76 3.3306e-57 9.864e-46 8.3998e-40 8.3703e-87 2.1475e-75 6.9895e-67 9.3051e-62 1.347e-60 7.001e-50 5.3623e-33 3.6145e-22 4.1854e-41 4.6721e-30 8.4051e-42 1.5846e-56 5.2667e-93 7.0711e-82 2.4048e-74 6.1783e-71 5.058e-86 2.6273e-23 4.111e-12 2.5101e-06 4.0806e-12 8.7873e-24 9.247e-05 5.0203e-06 1.9492e-15 2.7497e-31 6.2396e-52
6.3256e-26 0.98803 2.8185e-20 1.8669e-11 1.3363e-26 2.1064e-25 3.4165e-23 2.8146e-44 1.1218e-53 3.1549e-61 2.8946e-93 3.6673e-75 1.2092e-56 9.8641e-46 2.3137e-40 1.7491e-88 1.6292e-76 1.9252e-67 9.305e-62 4.8905e-60 2.5418e-49 5.3623e-33 9.9557e-23 2.8954e-40 8.9022e-30 4.4112e-42 2.2906e-57 1.1006e-94 5.3646e-83 6.6236e-75 6.1782e-71 1.8363e-85 1.0494e-21 4.5228e-11 7.6064e-06 3.4059e-12 2.0202e-24 7.7181e-05 1.5213e-05 2.1445e-14 1.0983e-29 9.0481e-50
1.3218e-27 1.0547 1.0233e-19 5.1421e-12 9.2443e-26 4.0136e-25 1.793e-23 4.0687e-45 5.8872e-54 6.0113e-61 1.3852e-91 4.8339e-74 4.39e-56 9.8641e-46 6.3727e-41 3.655e-90 1.2361e-77 5.3027e-68 9.305e-62 1.7755e-59 9.2281e-49 5.3623e-33 2.7422e-23 2.0029e-39 1.6962e-29 2.3151e-42 3.3112e-58 2.2998e-96 4.0699e-84 1.8244e-75 6.1783e-71 6.667e-85 3.1382e-20 3.7253e-10 1.7257e-05 2.1283e-12 3.4771e-25 4.8229e-05 3.4514e-05 1.7663e-13 3.2844e-28 9.8235e-48
2.7621e-29 1.1214 3.7151e-19 1.4163e-12 6.395e-25 7.6475e-25 9.4101e-24 5.8816e-46 3.0898e-54 1.1454e-60 6.6289e-90 6.3715e-73 1.5938e-55 9.8638e-46 1.7552e-41 7.6377e-92 9.3775e-79 1.4606e-68 9.3053e-62 6.4464e-59 3.3504e-48 5.3623e-33 7.5529e-24 1.3856e-38 3.232e-29 1.215e-42 4.7864e-59 4.8057e-98 3.0877e-85 5.0252e-76 6.1785e-71 2.4206e-84 6.3585e-19 2.079e-09 2.6526e-05 9.0109e-13 4.0548e-26 2.042e-05 5.3054e-05 9.8578e-13 6.6549e-27 7.2266e-46
5.7719e-31 1.188 1.3488e-18 3.9009e-13 4.4239e-24 1.4571e-24 4.9383e-24 8.5022e-47 1.6216e-54 2.1827e-60 3.1723e-88 8.398e-72 5.7861e-55 9.8628e-46 4.8339e-42 1.596e-93 7.1146e-80 4.0233e-69 9.3062e-62 2.3408e-58 1.2164e-47 5.3623e-33 2.0803e-24 9.5851e-38 6.158e-29 6.3761e-43 6.9183e-60 1.0042e-99 2.3426e-86 1.3842e-76 6.1791e-71 8.7893e-84 9.8366e-18 8.8584e-09 3.113e-05 2.9126e-13 3.6099e-27 6.6011e-06 6.2269e-05 4.2007e-12 1.0296e-25 4.0593e-44
