muE	$V_O^{\times}$ $V_O^{\bullet}$ $V_O^{\bullet\bullet}$ $O_i^{\times}$	$O_i^{'}$ $O_i^{''}$	$Sn_i^{\times}$ $Sn_i^{\bullet}$	$Sn_i^{\bullet\bullet}$ $Sn_i^{\bullet\bullet\bullet}$	$Sn_i^{\bullet\bullet\bullet\bullet}$ $V_{Sn}^{\times}$ 	$V_{Sn}^{'}$ $V_{Sn}^{''}$	$V_{Sn}^{'''}$ $V_{Sn}^{''''}$	$H_i^{'}$ $H_i^{\times}$	$H_i^{\bullet}$ $H_O^{\times}$	$H_O^{\bullet}$ $H_O^{\bullet\bullet}$	$H_O^{\bullet\bullet\bullet}$ $H_{Sn}^{\times}$	$H_{Sn}^{'}$ $H_{Sn}^{''}$	$H_{Sn}^{'''}$ $H_{Sn}^{''''}$
   0.0000000e+00   4.3903940e+00   3.1353220e+00   2.1440038e+00   3.9962960e+00   6.1084710e+00   7.9761208e+00   1.3939586e+01   1.0472437e+01   6.8808928e+00   3.6984786e+00   1.6769063e+00   7.9091130e+00   7.0726960e+00   6.6341188e+00   6.6553746e+00   7.3839453e+00   7.2977220e+00   3.7172690e+00   1.2991710e+00   5.8119080e+00   3.3902180e+00   3.9846168e+00   5.0116016e+00   8.4527670e+00   7.7419050e+00   7.4638618e+00   7.7055606e+00   1.0426225e+01
   1.0000000e-01   4.3903940e+00   3.2353220e+00   2.3440038e+00   3.9962960e+00   6.0084710e+00   7.7761208e+00   1.3939586e+01   1.0572437e+01   7.0808928e+00   3.9984786e+00   2.0769063e+00   7.9091130e+00   6.9726960e+00   6.4341188e+00   6.3553746e+00   6.9839453e+00   7.1977220e+00   3.7172690e+00   1.3991710e+00   5.8119080e+00   3.4902180e+00   4.1846168e+00   5.3116016e+00   8.4527670e+00   7.6419050e+00   7.2638618e+00   7.4055606e+00   1.0026225e+01
   2.0000000e-01   4.3903940e+00   3.3353220e+00   2.5440038e+00   3.9962960e+00   5.9084710e+00   7.5761208e+00   1.3939586e+01   1.0672437e+01   7.2808928e+00   4.2984786e+00   2.4769063e+00   7.9091130e+00   6.8726960e+00   6.2341188e+00   6.0553746e+00   6.5839453e+00   7.0977220e+00   3.7172690e+00   1.4991710e+00   5.8119080e+00   3.5902180e+00   4.3846168e+00   5.6116016e+00   8.4527670e+00   7.5419050e+00   7.0638618e+00   7.1055606e+00   9.6262253e+00
   3.0000000e-01   4.3903940e+00   3.4353220e+00   2.7440038e+00   3.9962960e+00   5.8084710e+00   7.3761208e+00   1.3939586e+01   1.0772437e+01   7.4808928e+00   4.5984786e+00   2.8769063e+00   7.9091130e+00   6.7726960e+00   6.0341188e+00   5.7553746e+00   6.1839453e+00   6.9977220e+00   3.7172690e+00   1.5991710e+00   5.8119080e+00   3.6902180e+00   4.5846168e+00   5.9116016e+00   8.4527670e+00   7.4419050e+00   6.8638618e+00   6.8055606e+00   9.2262253e+00
   4.0000000e-01   4.3903940e+00   3.5353220e+00   2.9440038e+00   3.9962960e+00   5.7084710e+00   7.1761208e+00   1.3939586e+01   1.0872437e+01   7.6808928e+00   4.8984786e+00   3.2769063e+00   7.9091130e+00   6.6726960e+00   5.8341188e+00   5.4553746e+00   5.7839453e+00   6.8977220e+00   3.7172690e+00   1.6991710e+00   5.8119080e+00   3.7902180e+00   4.7846168e+00   6.2116016e+00   8.4527670e+00   7.3419050e+00   6.6638618e+00   6.5055606e+00   8.8262253e+00
   5.0000000e-01   4.3903940e+00   3.6353220e+00   3.1440038e+00   3.9962960e+00   5.6084710e+00   6.9761208e+00   1.3939586e+01   1.0972437e+01   7.8808928e+00   5.1984786e+00   3.6769063e+00   7.9091130e+00   6.5726960e+00   5.6341188e+00   5.1553746e+00   5.3839453e+00   6.7977220e+00   3.7172690e+00   1.7991710e+00   5.8119080e+00   3.8902180e+00   4.9846168e+00   6.5116016e+00   8.4527670e+00   7.2419050e+00   6.4638618e+00   6.2055606e+00   8.4262253e+00
   6.0000000e-01   4.3903940e+00   3.7353220e+00   3.3440038e+00   3.9962960e+00   5.5084710e+00   6.7761208e+00   1.3939586e+01   1.1072437e+01   8.0808928e+00   5.4984786e+00   4.0769063e+00   7.9091130e+00   6.4726960e+00   5.4341188e+00   4.8553746e+00   4.9839453e+00   6.6977220e+00   3.7172690e+00   1.8991710e+00   5.8119080e+00   3.9902180e+00   5.1846168e+00   6.8116016e+00   8.4527670e+00   7.1419050e+00   6.2638618e+00   5.9055606e+00   8.0262253e+00
   7.0000000e-01   4.3903940e+00   3.8353220e+00   3.5440038e+00   3.9962960e+00   5.4084710e+00   6.5761208e+00   1.3939586e+01   1.1172437e+01   8.2808928e+00   5.7984786e+00   4.4769063e+00   7.9091130e+00   6.3726960e+00   5.2341188e+00   4.5553746e+00   4.5839453e+00   6.5977220e+00   3.7172690e+00   1.9991710e+00   5.8119080e+00   4.0902180e+00   5.3846168e+00   7.1116016e+00   8.4527670e+00   7.0419050e+00   6.0638618e+00   5.6055606e+00   7.6262253e+00
   8.0000000e-01   4.3903940e+00   3.9353220e+00   3.7440038e+00   3.9962960e+00   5.3084710e+00   6.3761208e+00   1.3939586e+01   1.1272437e+01   8.4808928e+00   6.0984786e+00   4.8769063e+00   7.9091130e+00   6.2726960e+00   5.0341188e+00   4.2553746e+00   4.1839453e+00   6.4977220e+00   3.7172690e+00   2.0991710e+00   5.8119080e+00   4.1902180e+00   5.5846168e+00   7.4116016e+00   8.4527670e+00   6.9419050e+00   5.8638618e+00   5.3055606e+00   7.2262253e+00
   9.0000000e-01   4.3903940e+00   4.0353220e+00   3.9440038e+00   3.9962960e+00   5.2084710e+00   6.1761208e+00   1.3939586e+01   1.1372437e+01   8.6808928e+00   6.3984786e+00   5.2769063e+00   7.9091130e+00   6.1726960e+00   4.8341188e+00   3.9553746e+00   3.7839453e+00   6.3977220e+00   3.7172690e+00   2.1991710e+00   5.8119080e+00   4.2902180e+00   5.7846168e+00   7.7116016e+00   8.4527670e+00   6.8419050e+00   5.6638618e+00   5.0055606e+00   6.8262253e+00
   1.0000000e+00   4.3903940e+00   4.1353220e+00   4.1440038e+00   3.9962960e+00   5.1084710e+00   5.9761208e+00   1.3939586e+01   1.1472437e+01   8.8808928e+00   6.6984786e+00   5.6769063e+00   7.9091130e+00   6.0726960e+00   4.6341188e+00   3.6553746e+00   3.3839453e+00   6.2977220e+00   3.7172690e+00   2.2991710e+00   5.8119080e+00   4.3902180e+00   5.9846168e+00   8.0116016e+00   8.4527670e+00   6.7419050e+00   5.4638618e+00   4.7055606e+00   6.4262253e+00
   1.1000000e+00   4.3903940e+00   4.2353220e+00   4.3440038e+00   3.9962960e+00   5.0084710e+00   5.7761208e+00   1.3939586e+01   1.1572437e+01   9.0808928e+00   6.9984786e+00   6.0769063e+00   7.9091130e+00   5.9726960e+00   4.4341188e+00   3.3553746e+00   2.9839453e+00   6.1977220e+00   3.7172690e+00   2.3991710e+00   5.8119080e+00   4.4902180e+00   6.1846168e+00   8.3116016e+00   8.4527670e+00   6.6419050e+00   5.2638618e+00   4.4055606e+00   6.0262253e+00
   1.2000000e+00   4.3903940e+00   4.3353220e+00   4.5440038e+00   3.9962960e+00   4.9084710e+00   5.5761208e+00   1.3939586e+01   1.1672437e+01   9.2808928e+00   7.2984786e+00   6.4769063e+00   7.9091130e+00   5.8726960e+00   4.2341188e+00   3.0553746e+00   2.5839453e+00   6.0977220e+00   3.7172690e+00   2.4991710e+00   5.8119080e+00   4.5902180e+00   6.3846168e+00   8.6116016e+00   8.4527670e+00   6.5419050e+00   5.0638618e+00   4.1055606e+00   5.6262253e+00
   1.3000000e+00   4.3903940e+00   4.4353220e+00   4.7440038e+00   3.9962960e+00   4.8084710e+00   5.3761208e+00   1.3939586e+01   1.1772437e+01   9.4808928e+00   7.5984786e+00   6.8769063e+00   7.9091130e+00   5.7726960e+00   4.0341188e+00   2.7553746e+00   2.1839453e+00   5.9977220e+00   3.7172690e+00   2.5991710e+00   5.8119080e+00   4.6902180e+00   6.5846168e+00   8.9116016e+00   8.4527670e+00   6.4419050e+00   4.8638618e+00   3.8055606e+00   5.2262253e+00
   1.4000000e+00   4.3903940e+00   4.5353220e+00   4.9440038e+00   3.9962960e+00   4.7084710e+00   5.1761208e+00   1.3939586e+01   1.1872437e+01   9.6808928e+00   7.8984786e+00   7.2769063e+00   7.9091130e+00   5.6726960e+00   3.8341188e+00   2.4553746e+00   1.7839453e+00   5.8977220e+00   3.7172690e+00   2.6991710e+00   5.8119080e+00   4.7902180e+00   6.7846168e+00   9.2116016e+00   8.4527670e+00   6.3419050e+00   4.6638618e+00   3.5055606e+00   4.8262253e+00
   1.5000000e+00   4.3903940e+00   4.6353220e+00   5.1440038e+00   3.9962960e+00   4.6084710e+00   4.9761208e+00   1.3939586e+01   1.1972437e+01   9.8808928e+00   8.1984786e+00   7.6769063e+00   7.9091130e+00   5.5726960e+00   3.6341188e+00   2.1553746e+00   1.3839453e+00   5.7977220e+00   3.7172690e+00   2.7991710e+00   5.8119080e+00   4.8902180e+00   6.9846168e+00   9.5116016e+00   8.4527670e+00   6.2419050e+00   4.4638618e+00   3.2055606e+00   4.4262253e+00
   1.6000000e+00   4.3903940e+00   4.7353220e+00   5.3440038e+00   3.9962960e+00   4.5084710e+00   4.7761208e+00   1.3939586e+01   1.2072437e+01   1.0080893e+01   8.4984786e+00   8.0769063e+00   7.9091130e+00   5.4726960e+00   3.4341188e+00   1.8553746e+00   9.8394533e-01   5.6977220e+00   3.7172690e+00   2.8991710e+00   5.8119080e+00   4.9902180e+00   7.1846168e+00   9.8116016e+00   8.4527670e+00   6.1419050e+00   4.2638618e+00   2.9055606e+00   4.0262253e+00
   1.7000000e+00   4.3903940e+00   4.8353220e+00   5.5440038e+00   3.9962960e+00   4.4084710e+00   4.5761208e+00   1.3939586e+01   1.2172437e+01   1.0280893e+01   8.7984786e+00   8.4769063e+00   7.9091130e+00   5.3726960e+00   3.2341188e+00   1.5553746e+00   5.8394533e-01   5.5977220e+00   3.7172690e+00   2.9991710e+00   5.8119080e+00   5.0902180e+00   7.3846168e+00   1.0111602e+01   8.4527670e+00   6.0419050e+00   4.0638618e+00   2.6055606e+00   3.6262253e+00
   1.8000000e+00   4.3903940e+00   4.9353220e+00   5.7440038e+00   3.9962960e+00   4.3084710e+00   4.3761208e+00   1.3939586e+01   1.2272437e+01   1.0480893e+01   9.0984786e+00   8.8769063e+00   7.9091130e+00   5.2726960e+00   3.0341188e+00   1.2553746e+00   1.8394533e-01   5.4977220e+00   3.7172690e+00   3.0991710e+00   5.8119080e+00   5.1902180e+00   7.5846168e+00   1.0411602e+01   8.4527670e+00   5.9419050e+00   3.8638618e+00   2.3055606e+00   3.2262253e+00
   1.9000000e+00   4.3903940e+00   5.0353220e+00   5.9440038e+00   3.9962960e+00   4.2084710e+00   4.1761208e+00   1.3939586e+01   1.2372437e+01   1.0680893e+01   9.3984786e+00   9.2769063e+00   7.9091130e+00   5.1726960e+00   2.8341188e+00   9.5537462e-01  -2.1605467e-01   5.3977220e+00   3.7172690e+00   3.1991710e+00   5.8119080e+00   5.2902180e+00   7.7846168e+00   1.0711602e+01   8.4527670e+00   5.8419050e+00   3.6638618e+00   2.0055606e+00   2.8262253e+00
   2.0000000e+00   4.3903940e+00   5.1353220e+00   6.1440038e+00   3.9962960e+00   4.1084710e+00   3.9761208e+00   1.3939586e+01   1.2472437e+01   1.0880893e+01   9.6984786e+00   9.6769063e+00   7.9091130e+00   5.0726960e+00   2.6341188e+00   6.5537462e-01  -6.1605467e-01   5.2977220e+00   3.7172690e+00   3.2991710e+00   5.8119080e+00   5.3902180e+00   7.9846168e+00   1.1011602e+01   8.4527670e+00   5.7419050e+00   3.4638618e+00   1.7055606e+00   2.4262253e+00
   2.1000000e+00   4.3903940e+00   5.2353220e+00   6.3440038e+00   3.9962960e+00   4.0084710e+00   3.7761208e+00   1.3939586e+01   1.2572437e+01   1.1080893e+01   9.9984786e+00   1.0076906e+01   7.9091130e+00   4.9726960e+00   2.4341188e+00   3.5537462e-01  -1.0160547e+00   5.1977220e+00   3.7172690e+00   3.3991710e+00   5.8119080e+00   5.4902180e+00   8.1846168e+00   1.1311602e+01   8.4527670e+00   5.6419050e+00   3.2638618e+00   1.4055606e+00   2.0262253e+00
   2.2000000e+00   4.3903940e+00   5.3353220e+00   6.5440038e+00   3.9962960e+00   3.9084710e+00   3.5761208e+00   1.3939586e+01   1.2672437e+01   1.1280893e+01   1.0298479e+01   1.0476906e+01   7.9091130e+00   4.8726960e+00   2.2341188e+00   5.5374625e-02  -1.4160547e+00   5.0977220e+00   3.7172690e+00   3.4991710e+00   5.8119080e+00   5.5902180e+00   8.3846168e+00   1.1611602e+01   8.4527670e+00   5.5419050e+00   3.0638618e+00   1.1055606e+00   1.6262253e+00
   2.3000000e+00   4.3903940e+00   5.4353220e+00   6.7440038e+00   3.9962960e+00   3.8084710e+00   3.3761208e+00   1.3939586e+01   1.2772437e+01   1.1480893e+01   1.0598479e+01   1.0876906e+01   7.9091130e+00   4.7726960e+00   2.0341188e+00  -2.4462538e-01  -1.8160547e+00   4.9977220e+00   3.7172690e+00   3.5991710e+00   5.8119080e+00   5.6902180e+00   8.5846168e+00   1.1911602e+01   8.4527670e+00   5.4419050e+00   2.8638618e+00   8.0556062e-01   1.2262253e+00
   2.4000000e+00   4.3903940e+00   5.5353220e+00   6.9440038e+00   3.9962960e+00   3.7084710e+00   3.1761208e+00   1.3939586e+01   1.2872437e+01   1.1680893e+01   1.0898479e+01   1.1276906e+01   7.9091130e+00   4.6726960e+00   1.8341188e+00  -5.4462538e-01  -2.2160547e+00   4.8977220e+00   3.7172690e+00   3.6991710e+00   5.8119080e+00   5.7902180e+00   8.7846168e+00   1.2211602e+01   8.4527670e+00   5.3419050e+00   2.6638618e+00   5.0556062e-01   8.2622533e-01
   2.5000000e+00   4.3903940e+00   5.6353220e+00   7.1440038e+00   3.9962960e+00   3.6084710e+00   2.9761208e+00   1.3939586e+01   1.2972437e+01   1.1880893e+01   1.1198479e+01   1.1676906e+01   7.9091130e+00   4.5726960e+00   1.6341188e+00  -8.4462538e-01  -2.6160547e+00   4.7977220e+00   3.7172690e+00   3.7991710e+00   5.8119080e+00   5.8902180e+00   8.9846168e+00   1.2511602e+01   8.4527670e+00   5.2419050e+00   2.4638618e+00   2.0556062e-01   4.2622533e-01
   2.6000000e+00   4.3903940e+00   5.7353220e+00   7.3440038e+00   3.9962960e+00   3.5084710e+00   2.7761208e+00   1.3939586e+01   1.3072437e+01   1.2080893e+01   1.1498479e+01   1.2076906e+01   7.9091130e+00   4.4726960e+00   1.4341188e+00  -1.1446254e+00  -3.0160547e+00   4.6977220e+00   3.7172690e+00   3.8991710e+00   5.8119080e+00   5.9902180e+00   9.1846168e+00   1.2811602e+01   8.4527670e+00   5.1419050e+00   2.2638618e+00  -9.4439375e-02   2.6225333e-02
   2.7000000e+00   4.3903940e+00   5.8353220e+00   7.5440038e+00   3.9962960e+00   3.4084710e+00   2.5761208e+00   1.3939586e+01   1.3172437e+01   1.2280893e+01   1.1798479e+01   1.2476906e+01   7.9091130e+00   4.3726960e+00   1.2341188e+00  -1.4446254e+00  -3.4160547e+00   4.5977220e+00   3.7172690e+00   3.9991710e+00   5.8119080e+00   6.0902180e+00   9.3846168e+00   1.3111602e+01   8.4527670e+00   5.0419050e+00   2.0638618e+00  -3.9443938e-01  -3.7377467e-01
   2.8000000e+00   4.3903940e+00   5.9353220e+00   7.7440038e+00   3.9962960e+00   3.3084710e+00   2.3761208e+00   1.3939586e+01   1.3272437e+01   1.2480893e+01   1.2098479e+01   1.2876906e+01   7.9091130e+00   4.2726960e+00   1.0341188e+00  -1.7446254e+00  -3.8160547e+00   4.4977220e+00   3.7172690e+00   4.0991710e+00   5.8119080e+00   6.1902180e+00   9.5846168e+00   1.3411602e+01   8.4527670e+00   4.9419050e+00   1.8638618e+00  -6.9443938e-01  -7.7377467e-01
   2.9000000e+00   4.3903940e+00   6.0353220e+00   7.9440038e+00   3.9962960e+00   3.2084710e+00   2.1761208e+00   1.3939586e+01   1.3372437e+01   1.2680893e+01   1.2398479e+01   1.3276906e+01   7.9091130e+00   4.1726960e+00   8.3411883e-01  -2.0446254e+00  -4.2160547e+00   4.3977220e+00   3.7172690e+00   4.1991710e+00   5.8119080e+00   6.2902180e+00   9.7846168e+00   1.3711602e+01   8.4527670e+00   4.8419050e+00   1.6638618e+00  -9.9443938e-01  -1.1737747e+00
   3.0000000e+00   4.3903940e+00   6.1353220e+00   8.1440038e+00   3.9962960e+00   3.1084710e+00   1.9761208e+00   1.3939586e+01   1.3472437e+01   1.2880893e+01   1.2698479e+01   1.3676906e+01   7.9091130e+00   4.0726960e+00   6.3411883e-01  -2.3446254e+00  -4.6160547e+00   4.2977220e+00   3.7172690e+00   4.2991710e+00   5.8119080e+00   6.3902180e+00   9.9846168e+00   1.4011602e+01   8.4527670e+00   4.7419050e+00   1.4638618e+00  -1.2944394e+00  -1.5737747e+00
   3.1000000e+00   4.3903940e+00   6.2353220e+00   8.3440038e+00   3.9962960e+00   3.0084710e+00   1.7761208e+00   1.3939586e+01   1.3572437e+01   1.3080893e+01   1.2998479e+01   1.4076906e+01   7.9091130e+00   3.9726960e+00   4.3411883e-01  -2.6446254e+00  -5.0160547e+00   4.1977220e+00   3.7172690e+00   4.3991710e+00   5.8119080e+00   6.4902180e+00   1.0184617e+01   1.4311602e+01   8.4527670e+00   4.6419050e+00   1.2638618e+00  -1.5944394e+00  -1.9737747e+00
   3.2000000e+00   4.3903940e+00   6.3353220e+00   8.5440038e+00   3.9962960e+00   2.9084710e+00   1.5761208e+00   1.3939586e+01   1.3672437e+01   1.3280893e+01   1.3298479e+01   1.4476906e+01   7.9091130e+00   3.8726960e+00   2.3411883e-01  -2.9446254e+00  -5.4160547e+00   4.0977220e+00   3.7172690e+00   4.4991710e+00   5.8119080e+00   6.5902180e+00   1.0384617e+01   1.4611602e+01   8.4527670e+00   4.5419050e+00   1.0638618e+00  -1.8944394e+00  -2.3737747e+00
   3.3000000e+00   4.3903940e+00   6.4353220e+00   8.7440038e+00   3.9962960e+00   2.8084710e+00   1.3761208e+00   1.3939586e+01   1.3772437e+01   1.3480893e+01   1.3598479e+01   1.4876906e+01   7.9091130e+00   3.7726960e+00   3.4118833e-02  -3.2446254e+00  -5.8160547e+00   3.9977220e+00   3.7172690e+00   4.5991710e+00   5.8119080e+00   6.6902180e+00   1.0584617e+01   1.4911602e+01   8.4527670e+00   4.4419050e+00   8.6386183e-01  -2.1944394e+00  -2.7737747e+00
   3.4000000e+00   4.3903940e+00   6.5353220e+00   8.9440038e+00   3.9962960e+00   2.7084710e+00   1.1761208e+00   1.3939586e+01   1.3872437e+01   1.3680893e+01   1.3898479e+01   1.5276906e+01   7.9091130e+00   3.6726960e+00  -1.6588117e-01  -3.5446254e+00  -6.2160547e+00   3.8977220e+00   3.7172690e+00   4.6991710e+00   5.8119080e+00   6.7902180e+00   1.0784617e+01   1.5211602e+01   8.4527670e+00   4.3419050e+00   6.6386183e-01  -2.4944394e+00  -3.1737747e+00
   3.5000000e+00   4.3903940e+00   6.6353220e+00   9.1440038e+00   3.9962960e+00   2.6084710e+00   9.7612083e-01   1.3939586e+01   1.3972437e+01   1.3880893e+01   1.4198479e+01   1.5676906e+01   7.9091130e+00   3.5726960e+00  -3.6588117e-01  -3.8446254e+00  -6.6160547e+00   3.7977220e+00   3.7172690e+00   4.7991710e+00   5.8119080e+00   6.8902180e+00   1.0984617e+01   1.5511602e+01   8.4527670e+00   4.2419050e+00   4.6386183e-01  -2.7944394e+00  -3.5737747e+00
   3.6000000e+00   4.3903940e+00   6.7353220e+00   9.3440038e+00   3.9962960e+00   2.5084710e+00   7.7612083e-01   1.3939586e+01   1.4072437e+01   1.4080893e+01   1.4498479e+01   1.6076906e+01   7.9091130e+00   3.4726960e+00  -5.6588117e-01  -4.1446254e+00  -7.0160547e+00   3.6977220e+00   3.7172690e+00   4.8991710e+00   5.8119080e+00   6.9902180e+00   1.1184617e+01   1.5811602e+01   8.4527670e+00   4.1419050e+00   2.6386183e-01  -3.0944394e+00  -3.9737747e+00


