   0.0000000e+00   1.1119390e+00   3.0586958e-02  -1.1143612e+00   7.1972960e+00   9.3094710e+00   1.1177121e+01   7.5375860e+00   4.0704370e+00   4.7889283e-01  -2.7035214e+00  -4.7250937e+00   1.4311113e+01   1.3474696e+01   1.3036119e+01   1.3057375e+01   1.3785945e+01
   1.0000000e-01   1.1119390e+00   1.3058696e-01  -9.1436117e-01   7.1972960e+00   9.2094710e+00   1.0977121e+01   7.5375860e+00   4.1704370e+00   6.7889283e-01  -2.4035214e+00  -4.3250937e+00   1.4311113e+01   1.3374696e+01   1.2836119e+01   1.2757375e+01   1.3385945e+01
   2.0000000e-01   1.1119390e+00   2.3058696e-01  -7.1436117e-01   7.1972960e+00   9.1094710e+00   1.0777121e+01   7.5375860e+00   4.2704370e+00   8.7889283e-01  -2.1035214e+00  -3.9250937e+00   1.4311113e+01   1.3274696e+01   1.2636119e+01   1.2457375e+01   1.2985945e+01
   3.0000000e-01   1.1119390e+00   3.3058696e-01  -5.1436117e-01   7.1972960e+00   9.0094710e+00   1.0577121e+01   7.5375860e+00   4.3704370e+00   1.0788928e+00  -1.8035214e+00  -3.5250937e+00   1.4311113e+01   1.3174696e+01   1.2436119e+01   1.2157375e+01   1.2585945e+01
   4.0000000e-01   1.1119390e+00   4.3058696e-01  -3.1436117e-01   7.1972960e+00   8.9094710e+00   1.0377121e+01   7.5375860e+00   4.4704370e+00   1.2788928e+00  -1.5035214e+00  -3.1250937e+00   1.4311113e+01   1.3074696e+01   1.2236119e+01   1.1857375e+01   1.2185945e+01
   5.0000000e-01   1.1119390e+00   5.3058696e-01  -1.1436117e-01   7.1972960e+00   8.8094710e+00   1.0177121e+01   7.5375860e+00   4.5704370e+00   1.4788928e+00  -1.2035214e+00  -2.7250937e+00   1.4311113e+01   1.2974696e+01   1.2036119e+01   1.1557375e+01   1.1785945e+01
   6.0000000e-01   1.1119390e+00   6.3058696e-01   8.5638833e-02   7.1972960e+00   8.7094710e+00   9.9771208e+00   7.5375860e+00   4.6704370e+00   1.6788928e+00  -9.0352138e-01  -2.3250937e+00   1.4311113e+01   1.2874696e+01   1.1836119e+01   1.1257375e+01   1.1385945e+01
   7.0000000e-01   1.1119390e+00   7.3058696e-01   2.8563883e-01   7.1972960e+00   8.6094710e+00   9.7771208e+00   7.5375860e+00   4.7704370e+00   1.8788928e+00  -6.0352138e-01  -1.9250937e+00   1.4311113e+01   1.2774696e+01   1.1636119e+01   1.0957375e+01   1.0985945e+01
   8.0000000e-01   1.1119390e+00   8.3058696e-01   4.8563883e-01   7.1972960e+00   8.5094710e+00   9.5771208e+00   7.5375860e+00   4.8704370e+00   2.0788928e+00  -3.0352138e-01  -1.5250937e+00   1.4311113e+01   1.2674696e+01   1.1436119e+01   1.0657375e+01   1.0585945e+01
   9.0000000e-01   1.1119390e+00   9.3058696e-01   6.8563883e-01   7.1972960e+00   8.4094710e+00   9.3771208e+00   7.5375860e+00   4.9704370e+00   2.2788928e+00  -3.5213750e-03  -1.1250937e+00   1.4311113e+01   1.2574696e+01   1.1236119e+01   1.0357375e+01   1.0185945e+01
   1.0000000e+00   1.1119390e+00   1.0305870e+00   8.8563883e-01   7.1972960e+00   8.3094710e+00   9.1771208e+00   7.5375860e+00   5.0704370e+00   2.4788928e+00   2.9647862e-01  -7.2509367e-01   1.4311113e+01   1.2474696e+01   1.1036119e+01   1.0057375e+01   9.7859453e+00
   1.1000000e+00   1.1119390e+00   1.1305870e+00   1.0856388e+00   7.1972960e+00   8.2094710e+00   8.9771208e+00   7.5375860e+00   5.1704370e+00   2.6788928e+00   5.9647862e-01  -3.2509367e-01   1.4311113e+01   1.2374696e+01   1.0836119e+01   9.7573746e+00   9.3859453e+00
   1.2000000e+00   1.1119390e+00   1.2305870e+00   1.2856388e+00   7.1972960e+00   8.1094710e+00   8.7771208e+00   7.5375860e+00   5.2704370e+00   2.8788928e+00   8.9647862e-01   7.4906333e-02   1.4311113e+01   1.2274696e+01   1.0636119e+01   9.4573746e+00   8.9859453e+00
   1.3000000e+00   1.1119390e+00   1.3305870e+00   1.4856388e+00   7.1972960e+00   8.0094710e+00   8.5771208e+00   7.5375860e+00   5.3704370e+00   3.0788928e+00   1.1964786e+00   4.7490633e-01   1.4311113e+01   1.2174696e+01   1.0436119e+01   9.1573746e+00   8.5859453e+00
   1.4000000e+00   1.1119390e+00   1.4305870e+00   1.6856388e+00   7.1972960e+00   7.9094710e+00   8.3771208e+00   7.5375860e+00   5.4704370e+00   3.2788928e+00   1.4964786e+00   8.7490633e-01   1.4311113e+01   1.2074696e+01   1.0236119e+01   8.8573746e+00   8.1859453e+00
   1.5000000e+00   1.1119390e+00   1.5305870e+00   1.8856388e+00   7.1972960e+00   7.8094710e+00   8.1771208e+00   7.5375860e+00   5.5704370e+00   3.4788928e+00   1.7964786e+00   1.2749063e+00   1.4311113e+01   1.1974696e+01   1.0036119e+01   8.5573746e+00   7.7859453e+00
   1.6000000e+00   1.1119390e+00   1.6305870e+00   2.0856388e+00   7.1972960e+00   7.7094710e+00   7.9771208e+00   7.5375860e+00   5.6704370e+00   3.6788928e+00   2.0964786e+00   1.6749063e+00   1.4311113e+01   1.1874696e+01   9.8361188e+00   8.2573746e+00   7.3859453e+00
   1.7000000e+00   1.1119390e+00   1.7305870e+00   2.2856388e+00   7.1972960e+00   7.6094710e+00   7.7771208e+00   7.5375860e+00   5.7704370e+00   3.8788928e+00   2.3964786e+00   2.0749063e+00   1.4311113e+01   1.1774696e+01   9.6361188e+00   7.9573746e+00   6.9859453e+00
   1.8000000e+00   1.1119390e+00   1.8305870e+00   2.4856388e+00   7.1972960e+00   7.5094710e+00   7.5771208e+00   7.5375860e+00   5.8704370e+00   4.0788928e+00   2.6964786e+00   2.4749063e+00   1.4311113e+01   1.1674696e+01   9.4361188e+00   7.6573746e+00   6.5859453e+00
   1.9000000e+00   1.1119390e+00   1.9305870e+00   2.6856388e+00   7.1972960e+00   7.4094710e+00   7.3771208e+00   7.5375860e+00   5.9704370e+00   4.2788928e+00   2.9964786e+00   2.8749063e+00   1.4311113e+01   1.1574696e+01   9.2361188e+00   7.3573746e+00   6.1859453e+00
   2.0000000e+00   1.1119390e+00   2.0305870e+00   2.8856388e+00   7.1972960e+00   7.3094710e+00   7.1771208e+00   7.5375860e+00   6.0704370e+00   4.4788928e+00   3.2964786e+00   3.2749063e+00   1.4311113e+01   1.1474696e+01   9.0361188e+00   7.0573746e+00   5.7859453e+00
   2.1000000e+00   1.1119390e+00   2.1305870e+00   3.0856388e+00   7.1972960e+00   7.2094710e+00   6.9771208e+00   7.5375860e+00   6.1704370e+00   4.6788928e+00   3.5964786e+00   3.6749063e+00   1.4311113e+01   1.1374696e+01   8.8361188e+00   6.7573746e+00   5.3859453e+00
   2.2000000e+00   1.1119390e+00   2.2305870e+00   3.2856388e+00   7.1972960e+00   7.1094710e+00   6.7771208e+00   7.5375860e+00   6.2704370e+00   4.8788928e+00   3.8964786e+00   4.0749063e+00   1.4311113e+01   1.1274696e+01   8.6361188e+00   6.4573746e+00   4.9859453e+00
   2.3000000e+00   1.1119390e+00   2.3305870e+00   3.4856388e+00   7.1972960e+00   7.0094710e+00   6.5771208e+00   7.5375860e+00   6.3704370e+00   5.0788928e+00   4.1964786e+00   4.4749063e+00   1.4311113e+01   1.1174696e+01   8.4361188e+00   6.1573746e+00   4.5859453e+00
   2.4000000e+00   1.1119390e+00   2.4305870e+00   3.6856388e+00   7.1972960e+00   6.9094710e+00   6.3771208e+00   7.5375860e+00   6.4704370e+00   5.2788928e+00   4.4964786e+00   4.8749063e+00   1.4311113e+01   1.1074696e+01   8.2361188e+00   5.8573746e+00   4.1859453e+00
   2.5000000e+00   1.1119390e+00   2.5305870e+00   3.8856388e+00   7.1972960e+00   6.8094710e+00   6.1771208e+00   7.5375860e+00   6.5704370e+00   5.4788928e+00   4.7964786e+00   5.2749063e+00   1.4311113e+01   1.0974696e+01   8.0361188e+00   5.5573746e+00   3.7859453e+00
   2.6000000e+00   1.1119390e+00   2.6305870e+00   4.0856388e+00   7.1972960e+00   6.7094710e+00   5.9771208e+00   7.5375860e+00   6.6704370e+00   5.6788928e+00   5.0964786e+00   5.6749063e+00   1.4311113e+01   1.0874696e+01   7.8361188e+00   5.2573746e+00   3.3859453e+00
   2.7000000e+00   1.1119390e+00   2.7305870e+00   4.2856388e+00   7.1972960e+00   6.6094710e+00   5.7771208e+00   7.5375860e+00   6.7704370e+00   5.8788928e+00   5.3964786e+00   6.0749063e+00   1.4311113e+01   1.0774696e+01   7.6361188e+00   4.9573746e+00   2.9859453e+00
   2.8000000e+00   1.1119390e+00   2.8305870e+00   4.4856388e+00   7.1972960e+00   6.5094710e+00   5.5771208e+00   7.5375860e+00   6.8704370e+00   6.0788928e+00   5.6964786e+00   6.4749063e+00   1.4311113e+01   1.0674696e+01   7.4361188e+00   4.6573746e+00   2.5859453e+00
   2.9000000e+00   1.1119390e+00   2.9305870e+00   4.6856388e+00   7.1972960e+00   6.4094710e+00   5.3771208e+00   7.5375860e+00   6.9704370e+00   6.2788928e+00   5.9964786e+00   6.8749063e+00   1.4311113e+01   1.0574696e+01   7.2361188e+00   4.3573746e+00   2.1859453e+00
   3.0000000e+00   1.1119390e+00   3.0305870e+00   4.8856388e+00   7.1972960e+00   6.3094710e+00   5.1771208e+00   7.5375860e+00   7.0704370e+00   6.4788928e+00   6.2964786e+00   7.2749063e+00   1.4311113e+01   1.0474696e+01   7.0361188e+00   4.0573746e+00   1.7859453e+00
   3.1000000e+00   1.1119390e+00   3.1305870e+00   5.0856388e+00   7.1972960e+00   6.2094710e+00   4.9771208e+00   7.5375860e+00   7.1704370e+00   6.6788928e+00   6.5964786e+00   7.6749063e+00   1.4311113e+01   1.0374696e+01   6.8361188e+00   3.7573746e+00   1.3859453e+00
   3.2000000e+00   1.1119390e+00   3.2305870e+00   5.2856388e+00   7.1972960e+00   6.1094710e+00   4.7771208e+00   7.5375860e+00   7.2704370e+00   6.8788928e+00   6.8964786e+00   8.0749063e+00   1.4311113e+01   1.0274696e+01   6.6361188e+00   3.4573746e+00   9.8594533e-01
   3.3000000e+00   1.1119390e+00   3.3305870e+00   5.4856388e+00   7.1972960e+00   6.0094710e+00   4.5771208e+00   7.5375860e+00   7.3704370e+00   7.0788928e+00   7.1964786e+00   8.4749063e+00   1.4311113e+01   1.0174696e+01   6.4361188e+00   3.1573746e+00   5.8594533e-01
   3.4000000e+00   1.1119390e+00   3.4305870e+00   5.6856388e+00   7.1972960e+00   5.9094710e+00   4.3771208e+00   7.5375860e+00   7.4704370e+00   7.2788928e+00   7.4964786e+00   8.8749063e+00   1.4311113e+01   1.0074696e+01   6.2361188e+00   2.8573746e+00   1.8594533e-01
   3.5000000e+00   1.1119390e+00   3.5305870e+00   5.8856388e+00   7.1972960e+00   5.8094710e+00   4.1771208e+00   7.5375860e+00   7.5704370e+00   7.4788928e+00   7.7964786e+00   9.2749063e+00   1.4311113e+01   9.9746960e+00   6.0361188e+00   2.5573746e+00  -2.1405467e-01
   3.6000000e+00   1.1119390e+00   3.6305870e+00   6.0856388e+00   7.1972960e+00   5.7094710e+00   3.9771208e+00   7.5375860e+00   7.6704370e+00   7.6788928e+00   8.0964786e+00   9.6749063e+00   1.4311113e+01   9.8746960e+00   5.8361188e+00   2.2573746e+00  -6.1405467e-01
   3.7000000e+00   1.1119390e+00   3.7305870e+00   6.2856388e+00   7.1972960e+00   5.6094710e+00   3.7771208e+00   7.5375860e+00   7.7704370e+00   7.8788928e+00   8.3964786e+00   1.0074906e+01   1.4311113e+01   9.7746960e+00   5.6361188e+00   1.9573746e+00  -1.0140547e+00
   3.8000000e+00   1.1119390e+00   3.8305870e+00   6.4856388e+00   7.1972960e+00   5.5094710e+00   3.5771208e+00   7.5375860e+00   7.8704370e+00   8.0788928e+00   8.6964786e+00   1.0474906e+01   1.4311113e+01   9.6746960e+00   5.4361188e+00   1.6573746e+00  -1.4140547e+00
   3.9000000e+00   1.1119390e+00   3.9305870e+00   6.6856388e+00   7.1972960e+00   5.4094710e+00   3.3771208e+00   7.5375860e+00   7.9704370e+00   8.2788928e+00   8.9964786e+00   1.0874906e+01   1.4311113e+01   9.5746960e+00   5.2361188e+00   1.3573746e+00  -1.8140547e+00
   4.0000000e+00   1.1119390e+00   4.0305870e+00   6.8856388e+00   7.1972960e+00   5.3094710e+00   3.1771208e+00   7.5375860e+00   8.0704370e+00   8.4788928e+00   9.2964786e+00   1.1274906e+01   1.4311113e+01   9.4746960e+00   5.0361188e+00   1.0573746e+00  -2.2140547e+00
