# F% [H]
#1e-100 1.3707149e-46
 1e-10   4.3086e-45
   3.1623e-10   1.0217e-44
        1e-09   2.4229e-44
   3.1623e-09   5.7456e-44
        1e-08   1.3625e-43
   3.1623e-08    3.231e-43
        1e-07   7.6619e-43
   3.1623e-07   1.8169e-42
        1e-06   4.3086e-42
   3.1623e-06   1.0217e-41
        1e-05   2.4229e-41
   3.1623e-05   5.7456e-41
       0.0001   1.3625e-40
   0.00031623    3.231e-40
        0.001   7.6619e-40
    0.0031623   1.8169e-39
         0.01   4.3086e-39
     0.031623   1.0217e-38
          0.1   2.4229e-38
      0.31623   5.7456e-38
            1   1.3625e-37