$P_{O_2}$ $\mu_e$ e h $V_{O}^{\times}$ $V_{O}^{\bullet}$ $V_{O}^{\bullet\bullet}$ $O_{i}^{\times}$ $O_{i}^{'}$ $O_{i}^{''}$ $Sn_{i}^{\times}$ $Sn_{i}^{\bullet}$ $Sn_{i}^{\bullet\bullet}$ $Sn_{i}^{\bullet\bullet\bullet}$ $Sn_{i}^{\bullet\bullet\bullet\bullet}$ $V_{Sn}^{\times}$ $V_{Sn}^{'}$ $V_{Sn}^{''}$ $V_{Sn}^{'''}$ $V_{Sn}^{''''}$
1 1.4731 3.9204e-21 1.5737e-15 3.3609e-39 0 2.4448e-43 1.1191e-31 1.29e-36 7.1624e-40 1.9577e-118 4.013e-104 2.1763e-89 9.6051e-82 1.8992e-79 1.9144e-62 2.1609e-46 6.2321e-33 1.3236e-22 3.9343e-16
0.14456 1.4931 5.772e-21 1.0689e-15 8.8398e-39 0 2.9665e-43 4.2549e-32 7.221e-37 5.9029e-40 1.3543e-117 1.8856e-103 6.9455e-89 2.082e-81 2.7962e-79 2.7674e-63 4.599e-47 1.9528e-33 6.1064e-23 2.6723e-16
0.020896 1.5131 8.498e-21 7.2602e-16 2.325e-38 0 3.5995e-43 1.6177e-32 4.0421e-37 4.8648e-40 9.3685e-117 8.8597e-103 2.2166e-88 4.5131e-81 4.1168e-79 4.0004e-64 9.7879e-48 6.1189e-34 2.8171e-23 1.815e-16
0.0030207 1.5331 1.2511e-20 4.9313e-16 6.1151e-38 0 4.3675e-43 6.1507e-33 2.2626e-37 4.0093e-40 6.4809e-116 4.1628e-102 7.074e-88 9.7828e-81 6.0612e-79 5.7829e-65 2.0831e-48 1.9173e-34 1.2996e-23 1.2328e-16
0.00043666 1.5531 1.842e-20 3.3494e-16 1.6084e-37 0 5.2995e-43 2.3385e-33 1.2666e-37 3.3042e-40 4.4833e-115 1.956e-101 2.2576e-87 2.1206e-80 8.924e-79 8.3595e-66 4.4335e-49 6.0077e-35 5.9954e-24 8.3731e-17
6.3122e-05 1.5731 2.712e-20 2.275e-16 4.2303e-37 0 6.4305e-43 8.8912e-34 7.0897e-38 2.7231e-40 3.1014e-114 9.1905e-101 7.205e-87 4.5968e-80 1.3139e-78 1.2084e-66 9.4356e-50 1.8824e-35 2.7657e-24 5.6868e-17
9.1247e-06 1.5931 3.9927e-20 1.5453e-16 1.1126e-36 0 7.8031e-43 3.3805e-34 3.9685e-38 2.2441e-40 2.1455e-113 4.3184e-100 2.2995e-86 9.9651e-80 1.9347e-78 1.7468e-67 2.0081e-50 5.8982e-36 1.2758e-24 3.8621e-17
1.319e-06 1.6131 5.878e-20 1.0496e-16 2.9264e-36 0 9.4692e-43 1.2853e-34 2.2213e-38 1.8492e-40 1.4842e-112 2.0292e-99 7.3395e-86 2.1605e-79 2.8491e-78 2.5252e-68 4.2736e-51 1.8479e-36 5.8847e-25 2.6226e-17
1.9067e-07 1.6331 8.653e-20 7.1301e-17 7.6968e-36 0 1.1493e-42 4.8867e-35 1.2433e-38 1.5236e-40 1.0267e-111 9.5355e-99 2.3429e-85 4.6849e-79 4.197e-78 3.6503e-69 9.0942e-52 5.7889e-37 2.7138e-25 1.7804e-17
2.7563e-08 1.653 1.2736e-19 4.8443e-17 2.0244e-35 0 1.3953e-42 1.8579e-35 6.9575e-39 1.255e-40 7.1025e-111 4.4817e-98 7.4814e-85 1.0164e-78 6.1862e-78 5.2767e-70 1.9349e-52 1.8129e-37 1.2509e-25 1.2079e-17
3.9844e-09 1.673 1.874e-19 3.2923e-17 5.3245e-35 0 1.6951e-42 7.064e-36 3.8922e-39 1.033e-40 4.9133e-110 2.1071e-97 2.3905e-84 2.2072e-78 9.1302e-78 7.6278e-71 4.1156e-53 5.6736e-38 5.7601e-26 8.184e-18
5.7597e-10 1.6929 2.7553e-19 2.2392e-17 1.4004e-34 0 2.0623e-42 2.6858e-36 2.1759e-39 8.4908e-41 3.3989e-109 9.9135e-97 7.6495e-84 4.8036e-78 1.3514e-77 1.1026e-71 8.7474e-54 1.7731e-38 2.6467e-26 5.5291e-18
8.3261e-11 1.7128 4.0449e-19 1.5253e-17 3.6833e-34 0 2.5169e-42 1.0211e-36 1.2145e-39 6.9572e-41 2.3513e-108 4.6715e-96 2.4554e-83 1.0503e-77 2.0129e-77 1.5939e-72 1.8563e-54 5.5237e-39 1.2104e-26 3.7121e-18
1.2036e-11 1.7325 5.9178e-19 1.0426e-17 9.6877e-34 0 3.0928e-42 3.8825e-37 6.7554e-40 5.6618e-41 1.6265e-107 2.2089e-95 7.9358e-83 2.3203e-77 3.0393e-77 2.3041e-73 3.9259e-55 1.7091e-39 5.4794e-27 2.4585e-18
1.7399e-12 1.7518 8.5932e-19 7.1797e-18 2.548e-33 0 3.8578e-42 1.4761e-37 3.7296e-40 4.5391e-41 1.1252e-106 1.0523e-94 2.6035e-82 5.2422e-77 4.7289e-77 3.3308e-74 8.2408e-56 5.2095e-40 2.4253e-27 1.5801e-18
2.5151e-13 1.7702 1.2272e-18 5.0275e-18 6.7017e-33 0 4.9751e-42 5.6123e-38 2.0251e-40 3.5197e-41 7.7838e-106 5.0973e-94 8.831e-82 1.2451e-76 7.8648e-77 4.8148e-75 1.7012e-56 1.5358e-40 1.0211e-27 9.5007e-19
3.6357e-14 1.7867 1.6881e-18 3.6549e-18 1.7626e-32 0 6.9156e-42 2.1338e-38 1.0591e-40 2.5321e-41 5.3846e-105 2.5635e-93 3.2286e-81 3.3093e-76 1.5197e-76 6.9602e-76 3.3828e-57 4.2009e-41 3.8418e-28 4.917e-19
5.2556e-15 1.799 2.1423e-18 2.8799e-18 4.636e-32 0 1.1293e-41 8.113e-39 5.1104e-41 1.5506e-41 3.725e-104 1.3973e-92 1.3867e-80 1.12e-75 4.0525e-76 1.0061e-76 6.206e-58 9.7807e-42 1.1352e-28 1.8439e-19
7.5973e-16 1.8049 2.4012e-18 2.5694e-18 1.2193e-31 0 2.3644e-41 3.0846e-39 2.1778e-41 7.4059e-42 2.5768e-103 8.6242e-92 7.6362e-80 5.5025e-75 1.7764e-75 1.4544e-77 1.0055e-58 1.7762e-42 2.3105e-29 4.2064e-20
1.0982e-16 1.8064 2.4703e-18 2.4976e-18 3.2071e-31 0 5.8757e-41 1.1728e-39 8.5183e-42 2.9802e-42 1.7826e-102 5.7991e-91 4.991e-79 3.4958e-74 1.097e-74 2.1025e-78 1.4954e-59 2.7175e-43 3.6368e-30 6.8115e-21
1.5876e-17 1.8066 2.4819e-18 2.4859e-18 8.4351e-31 0 1.531e-40 4.459e-40 3.2539e-42 1.1437e-42 1.2331e-101 3.9929e-90 3.4205e-78 2.3846e-73 7.448e-74 3.0392e-79 2.1718e-60 3.9652e-44 5.3316e-31 1.0032e-21
2.2949e-18 1.8066 2.4836e-18 2.4842e-18 2.2186e-30 0 4.0212e-40 1.6953e-40 1.238e-42 4.3546e-43 8.5305e-101 2.7603e-89 2.363e-77 1.6462e-72 5.1381e-73 4.3934e-80 3.1416e-61 5.7399e-45 7.7231e-32 1.4543e-22
3.3175e-19 1.8066 2.4839e-18 2.4839e-18 5.8352e-30 0 1.0574e-39 6.4457e-41 4.7074e-43 1.656e-43 5.9012e-100 1.9093e-88 1.6343e-76 1.1385e-71 3.553e-72 6.351e-81 4.5419e-62 8.299e-46 1.1168e-32 2.1031e-23
4.7956e-20 1.8066 2.4839e-18 2.4839e-18 1.5347e-29 0 2.7811e-39 2.4507e-41 1.7898e-43 6.2962e-44 4.0823e-99 1.3208e-87 1.1305e-75 7.8752e-71 2.4577e-71 9.1807e-82 6.5656e-63 1.1997e-46 1.6144e-33 3.0403e-24
6.9323e-21 1.8066 2.4839e-18 2.4839e-18 4.0366e-29 0 7.3148e-39 9.3177e-42 6.8049e-44 2.3939e-44 2.824e-98 9.1368e-87 7.8207e-75 5.4478e-70 1.7002e-70 1.3271e-82 9.4911e-64 1.7343e-47 2.3337e-34 4.395e-25
1.0021e-21 1.8066 2.4839e-18 2.4839e-18 1.0617e-28 0 1.9239e-38 3.5426e-42 2.5873e-44 9.1016e-45 1.9536e-97 6.3206e-86 5.4101e-74 3.7686e-69 1.1761e-69 1.9184e-83 1.372e-64 2.507e-48 3.3736e-35 6.3532e-26
1.4486e-22 1.8066 2.4839e-18 2.4839e-18 2.7924e-28 0 5.0602e-38 1.3469e-42 9.837e-45 3.4605e-45 1.3514e-96 4.3724e-85 3.7426e-73 2.607e-68 8.1361e-69 2.7732e-84 1.9833e-65 3.624e-49 4.8767e-36 9.184e-27
2.0941e-23 1.8066 2.4839e-18 2.4839e-18 7.3445e-28 0 1.3309e-37 5.1211e-43 3.7401e-45 1.3157e-45 9.3488e-96 3.0247e-84 2.589e-72 1.8035e-67 5.6283e-68 4.0089e-85 2.867e-66 5.2387e-50 7.0496e-37 1.3276e-27
3.0271e-24 1.8066 2.4839e-18 2.4839e-18 1.9317e-27 0 3.5005e-37 1.9471e-43 1.422e-45 5.0024e-46 6.4672e-95 2.0924e-83 1.791e-71 1.2476e-66 3.8935e-67 5.7951e-86 4.1444e-67 7.5729e-51 1.0191e-37 1.9191e-28
4.3759e-25 1.8066 2.4839e-18 2.4839e-18 5.0807e-27 0 9.2068e-37 7.4029e-44 5.4065e-46 1.9019e-46 4.4738e-94 1.4475e-82 1.239e-70 8.6305e-66 2.6934e-66 8.3771e-87 5.991e-68 1.0947e-51 1.4731e-38 2.7742e-29
6.3256e-26 1.8066 2.4839e-18 2.4839e-18 1.3363e-26 0 2.4215e-36 2.8146e-44 2.0556e-46 7.2312e-47 3.0949e-93 1.0013e-81 8.5708e-70 5.9704e-65 1.8632e-65 1.211e-87 8.6603e-69 1.5825e-52 2.1295e-39 4.0103e-30
9.144e-27 1.8066 2.4839e-18 2.4839e-18 3.5147e-26 0 6.369e-36 1.0701e-44 7.8154e-47 2.7494e-47 2.141e-92 6.9269e-81 5.9291e-69 4.1301e-64 1.2889e-64 1.7505e-88 1.2519e-69 2.2875e-53 3.0783e-40 5.7971e-31
1.3218e-27 1.8066 2.4839e-18 2.4839e-18 9.2442e-26 0 1.6752e-35 4.0687e-45 2.9715e-47 1.0453e-47 1.4811e-91 4.7918e-80 4.1016e-68 2.8571e-63 8.9165e-64 2.5305e-89 1.8097e-70 3.3068e-54 4.4499e-41 8.3801e-32
1.9108e-28 1.8066 2.4839e-18 2.4839e-18 2.4314e-25 0 4.4059e-35 1.5469e-45 1.1298e-47 3.9744e-48 1.0246e-90 3.3148e-79 2.8374e-67 1.9765e-62 6.1682e-63 3.658e-90 2.616e-71 4.7802e-55 6.4325e-42 1.2114e-32
2.7621e-29 1.8066 2.4839e-18 2.4839e-18 6.3949e-25 0 1.1588e-34 5.8815e-46 4.2954e-48 1.5111e-48 7.0876e-90 2.2931e-78 1.9628e-66 1.3673e-61 4.267e-62 5.2878e-91 3.7817e-72 6.91e-56 9.2986e-43 1.7512e-33
3.9929e-30 1.8066 2.4839e-18 2.4839e-18 1.682e-24 0 3.0479e-34 2.2362e-46 1.6332e-48 5.7452e-49 4.903e-89 1.5863e-77 1.3578e-65 9.4584e-61 2.9518e-61 7.6439e-92 5.4666e-73 9.9889e-57 1.3442e-43 2.5314e-34
5.7719e-31 1.8066 2.4839e-18 2.4839e-18 4.4238e-24 0 8.0164e-34 8.5021e-47 6.2093e-49 2.1843e-49 3.3917e-88 1.0974e-76 9.393e-65 6.543e-60 2.042e-60 1.105e-92 7.9023e-74 1.444e-57 1.9431e-44 3.6593e-35
8.3437e-32 1.8066 2.4839e-18 2.4839e-18 1.1635e-23 0 2.1085e-33 3.2326e-47 2.3608e-49 8.305e-50 2.3463e-87 7.5913e-76 6.4978e-64 4.5263e-59 1.4126e-59 1.5973e-93 1.1423e-74 2.0873e-58 2.8089e-45 5.2897e-36
1.2061e-32 1.8066 2.4839e-18 2.4839e-18 3.0603e-23 0 5.5456e-33 1.229e-47 8.976e-50 3.1576e-50 1.6231e-86 5.2515e-75 4.495e-63 3.1312e-58 9.7718e-59 2.309e-94 1.6513e-75 3.0174e-59 4.0604e-46 7.6466e-37
1.7435e-33 1.8066 2.4839e-18 2.4839e-18 8.049e-23 0 1.4586e-32 4.6729e-48 3.4127e-50 1.2005e-50 1.1228e-85 3.6328e-74 3.1095e-62 2.1661e-57 6.7599e-58 3.3378e-95 2.3871e-76 4.3618e-60 5.8695e-47 1.1054e-37
2.5204e-34 1.8066 2.4839e-18 2.4839e-18 2.117e-22 0 3.8363e-32 1.7766e-48 1.2975e-50 4.5645e-51 7.7674e-85 2.5131e-73 2.1511e-61 1.4984e-56 4.6763e-57 4.825e-96 3.4507e-77 6.3052e-61 8.4848e-48 1.5979e-38
3.6434e-35 1.8066 2.4839e-18 2.4839e-18 5.5681e-22 0 1.009e-31 6.7549e-49 4.9333e-51 1.7355e-51 5.3733e-84 1.7385e-72 1.4881e-60 1.0366e-55 3.2349e-56 6.9749e-97 4.9881e-78 9.1146e-62 1.2265e-48 2.3098e-39
5.2667e-36 1.8066 2.4839e-18 2.4839e-18 1.4645e-21 0 2.6538e-31 2.5683e-49 1.8757e-51 6.5983e-52 3.7171e-83 1.2026e-71 1.0294e-59 7.1707e-55 2.2378e-55 1.0083e-97 7.2107e-79 1.3176e-62 1.773e-49 3.339e-40
7.6134e-37 1.8066 2.4839e-18 2.4839e-18 3.8519e-21 0 6.98e-31 9.7646e-50 7.1314e-52 2.5087e-52 2.5714e-82 8.3195e-71 7.1211e-59 4.9605e-54 1.5481e-54 1.4575e-98 1.0423e-79 1.9046e-63 2.563e-50 4.8267e-41
1.1006e-37 1.8066 2.4839e-18 2.4839e-18 1.0131e-20 0 1.8358e-30 3.7126e-50 2.7114e-52 9.5382e-53 1.7788e-81 5.7552e-70 4.9262e-58 3.4315e-53 1.0709e-53 2.1069e-99 1.5068e-80 2.7533e-64 3.705e-51 6.9773e-42
1.5909e-38 1.8066 2.4839e-18 2.4839e-18 2.6646e-20 0 4.8286e-30 1.4115e-50 1.0309e-52 3.6265e-53 1.2305e-80 3.9813e-69 3.4078e-57 2.3738e-52 7.4083e-53 3.0457e-100 2.1781e-81 3.98e-65 5.3558e-52 1.0086e-42
2.2998e-39 1.8066 2.4839e-18 2.4839e-18 7.0083e-20 0 1.27e-29 5.3667e-51 3.9195e-53 1.3788e-53 8.5125e-80 2.7541e-68 2.3574e-56 1.6422e-51 5.1249e-52 4.4027e-101 3.1486e-82 5.7533e-66 7.7421e-53 1.458e-43
3.3245e-40 1.8066 2.4839e-18 2.4839e-18 1.8433e-19 0 3.3403e-29 2.0405e-51 1.4902e-53 5.2423e-54 5.8887e-79 1.9052e-67 1.6308e-55 1.136e-50 3.5452e-51 6.3644e-102 4.5515e-83 8.3168e-67 1.1192e-53 2.1077e-44
4.8057e-41 1.8066 2.4839e-18 2.4839e-18 4.8482e-19 0 8.7854e-29 7.758e-52 5.6659e-54 1.9932e-54 4.0736e-78 1.318e-66 1.1281e-54 7.8585e-50 2.4525e-50 9.2001e-103 6.5795e-84 1.2022e-67 1.6178e-54 3.0468e-45
6.947e-42 1.8066 2.4839e-18 2.4839e-18 1.2751e-18 0 2.3107e-28 2.9496e-52 2.1542e-54 7.5781e-55 2.818e-77 9.1175e-66 7.8042e-54 5.4363e-49 1.6966e-49 1.3299e-103 9.5111e-85 1.7379e-68 2.3387e-55 4.4043e-46
1.0042e-42 1.8066 2.4839e-18 2.4839e-18 3.3538e-18 0 6.0775e-28 1.1215e-52 8.1903e-55 2.8812e-55 1.9494e-76 6.3072e-65 5.3987e-53 3.7607e-48 1.1736e-48 1.9225e-104 1.3749e-85 2.5123e-69 3.3807e-56 6.3666e-47
1.4517e-43 1.8066 2.4839e-18 2.4839e-18 8.8211e-18 0 1.5985e-27 4.2639e-53 3.114e-55 1.0955e-55 1.3486e-75 4.3632e-64 3.7347e-52 2.6015e-47 8.1189e-48 2.7791e-105 1.9875e-86 3.6316e-70 4.887e-57 9.2034e-48
2.0985e-44 1.8066 2.4839e-18 2.4839e-18 2.3201e-17 0 4.2042e-27 1.6211e-53 1.184e-55 4.165e-56 9.329e-75 3.0183e-63 2.5835e-51 1.7997e-46 5.6164e-47 4.0173e-106 2.873e-87 5.2498e-71 7.0645e-58 1.3304e-48
3.0335e-45 1.8066 2.4839e-18 2.4839e-18 6.1022e-17 0 1.1058e-26 6.1637e-54 4.5015e-56 1.5836e-56 6.4536e-74 2.088e-62 1.7872e-50 1.245e-45 3.8853e-46 5.8073e-107 4.1532e-88 7.5889e-72 1.0212e-58 1.9232e-49
4.3851e-46 1.8066 2.4839e-18 2.4839e-18 1.605e-16 0 2.9084e-26 2.3435e-54 1.7115e-56 6.0208e-57 4.4644e-73 1.4444e-61 1.2364e-49 8.6123e-45 2.6877e-45 8.3948e-108 6.0036e-89 1.097e-72 1.4762e-59 2.7801e-50
6.339e-47 1.8066 2.4839e-18 2.4839e-18 4.2213e-16 0 7.6495e-26 8.91e-55 6.5072e-57 2.2891e-57 3.0884e-72 9.9921e-61 8.5528e-49 5.9578e-44 1.8593e-44 1.2135e-108 8.6786e-90 1.5858e-73 2.134e-60 4.0188e-51
9.1633e-48 1.8066 2.4839e-18 2.4839e-18 1.1103e-15 0 2.0119e-25 3.3876e-55 2.4741e-57 8.7034e-58 2.1364e-71 6.9122e-60 5.9166e-48 4.1214e-43 1.2862e-43 1.7542e-109 1.2546e-90 2.2924e-74 3.0848e-61 5.8094e-52
1.3246e-48 1.8066 2.4839e-18 2.4839e-18 2.9202e-15 0 5.2917e-25 1.288e-55 9.4066e-58 3.3091e-58 1.4779e-70 4.7817e-59 4.0929e-47 2.8511e-42 8.8977e-43 2.5358e-110 1.8135e-91 3.3138e-75 4.4593e-62 8.3978e-53
1.9148e-49 1.8066 2.4839e-18 2.4839e-18 7.6806e-15 0 1.3918e-24 4.897e-56 3.5764e-58 1.2581e-58 1.0224e-69 3.3079e-58 2.8314e-46 1.9723e-41 6.1552e-42 3.6657e-111 2.6216e-92 4.7903e-76 6.4462e-63 1.214e-53
2.768e-50 1.8066 2.4839e-18 2.4839e-18 2.0201e-14 0 3.6607e-24 1.8619e-56 1.3598e-58 4.7835e-59 7.0726e-69 2.2883e-57 1.9587e-45 1.3644e-40 4.258e-41 5.299e-112 3.7896e-93 6.9247e-77 9.3183e-64 1.7549e-54
4.0013e-51 1.8066 2.4839e-18 2.4839e-18 5.3132e-14 0 9.628e-24 7.0789e-57 5.17e-59 1.8187e-59 4.8926e-68 1.583e-56 1.3549e-44 9.4383e-40 2.9455e-40 7.6601e-113 5.4782e-94 1.001e-77 1.347e-64 2.5368e-55
5.7841e-52 1.8066 2.4839e-18 2.4839e-18 1.3975e-13 0 2.5323e-23 2.6914e-57 1.9657e-59 6.915e-60 3.3846e-67 1.095e-55 9.373e-44 6.529e-39 2.0376e-39 1.1073e-113 7.9191e-95 1.447e-78 1.9473e-65 3.6672e-56
8.3613e-53 1.8066 2.484e-18 2.4838e-18 3.6755e-13 0 6.6601e-23 1.0233e-57 7.4737e-60 2.6292e-60 2.3414e-66 7.5751e-55 6.4837e-43 4.5164e-38 1.4094e-38 1.6007e-114 1.1448e-95 2.0918e-79 2.815e-66 5.3015e-57
1.2087e-53 1.8066 2.4841e-18 2.4837e-18 9.6673e-13 0 1.7516e-22 3.8907e-58 2.8417e-60 9.9972e-61 1.6197e-65 5.24e-54 4.4849e-42 3.1239e-37 9.7485e-38 2.3139e-115 1.6549e-96 3.0242e-80 4.0698e-67 7.665e-58
1.7472e-54 1.8066 2.4844e-18 2.4834e-18 2.5426e-12 0 4.6058e-22 1.4792e-58 1.0805e-60 3.8019e-61 1.1205e-64 3.6245e-53 3.1018e-41 2.1603e-36 6.7406e-37 3.3449e-116 2.3926e-97 4.3726e-81 5.8852e-68 1.1085e-58
2.5257e-55 1.8067 2.4851e-18 2.4827e-18 6.6875e-12 0 1.2107e-21 5.6242e-59 4.1095e-61 1.4464e-61 7.751e-64 2.5066e-52 2.1444e-40 1.4931e-35 4.6573e-36 4.8352e-117 3.4596e-98 6.3247e-82 8.5151e-69 1.6044e-59
3.6511e-56 1.8067 2.4871e-18 2.4807e-18 1.7589e-11 0 3.1792e-21 2.1383e-59 1.5637e-61 5.5079e-62 5.362e-63 1.7326e-51 1.4811e-39 1.0304e-34 3.2116e-35 6.9896e-118 5.0051e-99 9.1573e-83 1.2338e-69 2.3266e-60
5.2779e-57 1.8068 2.4922e-18 2.4756e-18 4.6263e-11 0 8.3272e-21 8.1301e-60 5.9576e-62 2.1028e-62 3.7093e-62 1.1961e-50 1.0204e-38 7.0839e-34 2.2034e-34 1.0104e-118 7.2502e-100 1.3292e-83 1.7947e-70 3.3912e-61
7.6295e-58 1.8071 2.5057e-18 2.4623e-18 1.2168e-10 0 2.1668e-20 3.0911e-60 2.2773e-62 8.0814e-63 2.566e-61 8.2298e-50 6.9832e-38 4.8221e-33 1.4918e-33 1.4606e-119 1.0537e-100 1.9422e-84 2.6365e-71 5.0087e-62
1.1029e-58 1.8078 2.54e-18 2.4291e-18 3.2003e-10 0 5.5461e-20 1.1753e-60 8.777e-63 3.1573e-63 1.7751e-60 5.6163e-49 4.7011e-37 3.2024e-32 9.7736e-33 2.1114e-120 1.544e-101 2.8851e-85 3.97e-72 7.6453e-63
1.5943e-59 1.8095 2.6243e-18 2.351e-18 8.4173e-10 0 1.3665e-19 4.4684e-61 3.4479e-63 1.2815e-63 1.2279e-59 3.7603e-48 3.0465e-36 2.0086e-31 5.9331e-32 3.0521e-121 2.3061e-102 4.4521e-86 6.3296e-73 1.2594e-63
2.3046e-60 1.8131 2.8156e-18 2.1912e-18 2.2139e-09 0 3.1221e-19 1.6989e-61 1.4065e-63 5.6086e-64 8.4945e-59 2.4245e-47 1.8307e-35 1.125e-30 3.0973e-31 4.412e-122 3.5767e-103 7.4085e-87 1.1301e-73 2.4125e-64
3.3315e-61 1.8197 3.1998e-18 1.9282e-18 5.8229e-09 0 6.3583e-19 6.4593e-62 6.0771e-64 2.754e-64 5.8763e-58 1.4758e-46 9.8062e-35 5.3026e-30 1.2846e-30 6.3778e-123 5.8758e-104 1.3831e-87 2.3977e-74 5.8168e-65
4.8159e-62 1.8296 3.8742e-18 1.5925e-18 1.5315e-08 0 1.1408e-18 2.4559e-62 2.7975e-64 1.5349e-64 4.0651e-57 8.4324e-46 4.6276e-34 2.0668e-29 4.1354e-30 9.2195e-124 1.0284e-104 2.9309e-88 6.1515e-75 1.8069e-65
6.9617e-63 1.8422 4.9399e-18 1.249e-18 4.0281e-08 0 1.8455e-18 9.3374e-63 1.3562e-64 9.4884e-65 2.8121e-56 4.5748e-45 1.969e-33 6.8964e-29 1.0822e-29 1.3327e-124 1.8956e-105 6.8885e-89 1.8435e-75 6.9046e-66
1.0064e-63 1.8565 6.5196e-18 9.4633e-19 1.0595e-07 0 2.7867e-18 3.5501e-63 6.8054e-65 6.2838e-65 1.9453e-55 2.3979e-44 7.8197e-33 2.0753e-28 2.4675e-29 1.9266e-125 3.6164e-106 1.7345e-89 6.1263e-76 3.0283e-66
1.4547e-64 1.8719 8.7818e-18 7.0255e-19 2.7865e-07 0 4.0396e-18 1.3498e-63 3.4852e-65 4.3347e-65 1.3457e-54 1.2315e-43 2.9815e-32 5.8743e-28 5.1853e-29 2.785e-126 7.0417e-107 4.5491e-90 2.1643e-76 1.441e-66
2.1029e-65 1.8879 1.1964e-17 5.1568e-19 7.329e-07 0 5.7243e-18 5.1319e-64 1.8053e-65 3.059e-65 9.3094e-54 6.2531e-43 1.1112e-31 1.607e-27 1.0412e-28 4.0258e-127 1.3868e-107 1.2206e-90 7.9115e-77 7.1766e-67
3.0399e-66 1.9042 1.6401e-17 3.7619e-19 1.9276e-06 0 8.0122e-18 1.9512e-64 9.409e-66 2.1855e-65 6.44e-53 3.1556e-42 4.0908e-31 4.3157e-27 2.0398e-28 5.8196e-128 2.748e-108 3.3155e-91 2.9459e-77 3.6631e-67
4.3944e-67 1.9207 2.2556e-17 2.7353e-19 5.07e-06 0 1.1141e-17 7.4185e-65 4.92e-66 1.5717e-65 4.455e-52 1.5873e-41 1.4961e-30 1.1477e-26 3.9441e-28 8.4126e-129 5.4634e-109 9.0655e-92 1.1078e-77 1.8945e-67
6.3524e-68 1.9373 3.1075e-17 1.9854e-19 1.3335e-05 0 1.5438e-17 2.8206e-65 2.5771e-66 1.1342e-65 3.0818e-51 7.9699e-41 5.4528e-30 3.0361e-26 7.5735e-28 1.2161e-129 1.0881e-109 2.4874e-92 4.1876e-78 9.8662e-68
9.1827e-69 1.9539 4.2852e-17 1.4398e-19 3.5073e-05 0 2.1354e-17 1.0724e-65 1.3512e-66 8.2002e-66 2.1319e-50 3.9982e-40 1.9837e-29 8.0097e-26 1.4489e-27 1.7579e-130 2.1689e-110 6.8372e-93 1.5873e-78 5.157e-68
1.3274e-69 1.9705 5.912e-17 1.0436e-19 9.2247e-05 0 2.9508e-17 4.0773e-66 7.0874e-67 5.9343e-66 1.4748e-49 2.0048e-39 7.2096e-29 2.11e-25 2.7667e-27 2.5412e-131 4.3256e-111 1.8812e-93 6.0254e-79 2.7008e-68
1.9189e-70 1.9872 8.1584e-17 7.5624e-20 0.00024263 0 4.0754e-17 1.5502e-66 3.7186e-67 4.2967e-66 1.0202e-48 1.005e-38 2.619e-28 5.5544e-25 5.2775e-27 3.6735e-132 8.6288e-112 5.1787e-94 2.289e-79 1.4158e-68
2.7738e-71 2.0038 1.126e-16 5.4794e-20 0.00063814 0 5.6272e-17 5.894e-67 1.9513e-67 3.1118e-66 7.0577e-48 5.0372e-38 9.5112e-28 1.4615e-24 1.0062e-26 5.3102e-133 1.7215e-112 1.426e-94 8.6989e-80 7.4263e-69
4.0098e-72 2.0205 1.5542e-16 3.9698e-20 0.0016784 0 7.7688e-17 2.2409e-67 1.024e-67 2.254e-66 4.8823e-47 2.5246e-37 3.4536e-27 3.845e-24 1.9178e-26 7.6763e-134 3.4349e-113 3.9272e-95 3.3066e-80 3.8963e-69
5.7963e-73 2.0372 2.1452e-16 2.876e-20 0.0044145 0 1.0725e-16 8.5201e-68 5.3741e-68 1.6327e-66 3.3775e-46 1.2653e-36 1.254e-26 1.0114e-23 3.6547e-26 1.1097e-134 6.8538e-114 1.0816e-95 1.257e-80 2.0445e-69
8.379e-74 2.0538 2.9611e-16 2.0836e-20 0.011611 0 1.4805e-16 3.2394e-68 2.8204e-68 1.1828e-66 2.3364e-45 6.341e-36 4.5528e-26 2.6603e-23 6.9643e-26 1.6041e-135 1.3676e-114 2.979e-96 4.779e-81 1.0729e-69
1.2112e-74 2.0705 4.0874e-16 1.5095e-20 0.030538 0 2.0436e-16 1.2316e-68 1.4802e-68 8.5685e-67 1.6163e-44 3.1778e-35 1.653e-25 6.9973e-23 1.327e-25 2.3188e-136 2.7288e-115 8.2052e-97 1.8169e-81 5.6307e-70
1.7509e-75 2.0872 5.6421e-16 1.0935e-20 0.08032 0 2.821e-16 4.6827e-69 7.7682e-69 6.2073e-67 1.1181e-43 1.5926e-34 6.0013e-25 1.8404e-22 2.5286e-25 3.3519e-137 5.4451e-116 2.26e-97 6.908e-82 2.955e-70
