$P_{O_2}$ $\mu_e$ e h $V_{O}^{\times}$ $V_{O}^{\bullet}$ $V_{O}^{\bullet\bullet}$ $O_{i}^{\times}$ $O_{i}^{'}$ $O_{i}^{''}$ $Sn_{i}^{\times}$ $Sn_{i}^{\bullet}$ $Sn_{i}^{\bullet\bullet}$ $Sn_{i}^{\bullet\bullet\bullet}$ $Sn_{i}^{\bullet\bullet\bullet\bullet}$ $V_{Sn}^{\times}$ $V_{Sn}^{'}$ $V_{Sn}^{''}$ $V_{Sn}^{'''}$ $V_{Sn}^{''''}$ $H_{i}^{'}$ $H_{i}^{\times}$ $H_{i}^{\bullet}$ $H_{O}^{\times}$ $H_{O}^{\bullet}$ $H_{O}^{\bullet\bullet}$ $H_{O}^{\bullet\bullet\bullet}$ $H_{Sn}^{\times}$ $H_{Sn}^{'}$ $H_{Sn}^{''}$ $H_{Sn}^{'''}$ $H_{Sn}^{''''}$ $Nb_{i}^{\times}$ $Nb_{i}^{\bullet}$ $Nb_{i}^{\bullet\bullet}$ $Nb_{i}^{\bullet\bullet\bullet}$ $Nb_{i}^{\bullet\bullet\bullet\bullet\bullet}$ $Nb_{Sn}^{\times}$ $Nb_{Sn}^{\bullet}$ $Nb_{Sn}^{'}$ $Nb_{Sn}^{''}$ $Nb_{Sn}^{'''}$ $Nb_{Sn}^{''''}$
1 1.6867 1.0452e-13 2.5493e-12 1.7113e-24 6.5517e-27 8.3641e-31 2.5429e-23 1.0537e-25 1.0219e-26 1.895e-77 1.769e-67 8.2116e-57 1.9503e-48 1.4633e-46 4.7429e-46 6.3804e-32 5.0798e-20 1.0762e-10 2.4954e-05 6.2088e-33 2.498e-22 3.1138e-18 1.5331e-33 2.0015e-29 3.3713e-42 2.1472e-57 3.5001e-50 9.3284e-37 9.3724e-26 1.1574e-17 1.8771e-23 4.2988e-81 3.822e-73 1.9614e-67 1.073e-64 6.8746e-70 1.835e-07 9.9817e-05 1.4029e-13 2.7126e-22 8.2319e-34 4.4602e-48
0.27544 1.7117 1.4425e-13 1.8471e-12 3.2607e-24 9.0452e-27 8.367e-31 1.3345e-23 7.6324e-26 1.0216e-26 6.88e-77 4.6536e-67 1.5652e-56 2.6935e-48 1.4643e-46 1.3064e-46 2.4254e-32 2.665e-20 7.7923e-11 2.4937e-05 8.5689e-33 2.498e-22 2.2561e-18 2.9211e-33 2.7633e-29 3.3725e-42 1.5563e-57 9.6406e-51 3.5461e-37 4.9171e-26 8.3801e-18 1.8758e-23 2.1525e-80 1.3867e-72 5.1561e-67 2.0438e-64 6.8746e-70 2.5307e-07 9.9747e-05 2.6704e-13 7.1259e-22 2.9845e-33 2.2318e-47
0.075866 1.7367 1.9907e-13 1.3385e-12 6.213e-24 1.2489e-26 8.371e-31 7.004e-24 5.5279e-26 1.0211e-26 2.4978e-76 1.2243e-66 2.9837e-56 3.7207e-48 1.4657e-46 3.5983e-47 9.2194e-33 1.398e-20 5.641e-11 2.4913e-05 1.1825e-32 2.498e-22 1.6348e-18 5.5659e-33 3.8153e-29 3.3741e-42 1.1283e-57 2.6554e-51 1.3479e-37 2.5794e-26 6.0665e-18 1.874e-23 1.0774e-79 5.0295e-72 1.3552e-66 3.8925e-64 6.8746e-70 3.4891e-07 9.9651e-05 5.0808e-13 1.8711e-21 1.0815e-32 1.116e-46
0.020896 1.7616 2.747e-13 9.6998e-13 1.1838e-23 1.7245e-26 8.3766e-31 3.6758e-24 4.0034e-26 1.0204e-26 9.0686e-76 3.2211e-66 5.689e-56 5.141e-48 1.4677e-46 9.911e-48 3.5041e-33 7.3322e-21 4.0826e-11 2.488e-05 1.6318e-32 2.498e-22 1.1847e-18 1.0605e-32 5.2682e-29 3.3764e-42 8.1819e-58 7.314e-52 5.1231e-38 1.3528e-26 4.3905e-18 1.8715e-23 5.3906e-79 1.8236e-71 3.5608e-66 7.4118e-64 6.8746e-70 4.8083e-07 9.9519e-05 9.6618e-13 4.9099e-21 3.9159e-32 5.5764e-46
0.0057557 1.7866 3.7901e-13 7.0302e-13 2.2557e-23 2.3815e-26 8.3842e-31 1.9292e-24 2.8989e-26 1.0195e-26 3.2924e-75 8.4757e-66 1.085e-55 7.1062e-48 1.4704e-46 2.7299e-48 1.3317e-33 3.8446e-21 2.9536e-11 2.4834e-05 2.2514e-32 2.498e-22 8.5868e-19 2.0207e-32 7.2754e-29 3.3794e-42 5.9355e-58 2.0145e-52 1.947e-38 7.0934e-27 3.1763e-18 1.8681e-23 2.6954e-78 6.6086e-71 9.3526e-66 1.411e-63 6.8746e-70 6.6221e-07 9.9338e-05 1.8359e-12 1.2873e-20 1.4165e-31 2.7832e-45
0.0015853 1.8116 5.2285e-13 5.0962e-13 4.298e-23 3.2894e-26 8.3947e-31 1.0125e-24 2.0988e-26 1.0182e-26 1.1953e-74 2.2307e-65 2.0699e-55 9.8276e-48 1.4741e-46 7.5191e-49 5.0599e-34 2.0152e-21 2.1357e-11 2.4772e-05 3.1059e-32 2.498e-22 6.2246e-19 3.8503e-32 1.0049e-28 3.3837e-42 4.308e-58 5.5488e-53 7.3978e-39 3.7181e-27 2.2968e-18 1.8634e-23 1.3466e-77 2.3933e-70 2.4552e-65 2.6851e-63 6.8746e-70 9.1123e-07 9.9089e-05 3.4851e-12 3.3708e-20 5.1171e-31 1.3869e-44
0.00043666 1.8365 7.211e-13 3.6951e-13 8.1894e-23 4.5445e-26 8.4092e-31 5.3137e-25 1.5191e-26 1.0164e-26 4.3398e-74 5.872e-65 3.9509e-55 1.3601e-47 1.4791e-46 2.0711e-49 1.9222e-34 1.0558e-21 1.5432e-11 2.4687e-05 4.2835e-32 2.498e-22 4.5132e-19 7.3365e-32 1.3883e-28 3.3895e-42 3.129e-58 1.5284e-53 2.8103e-39 1.948e-27 1.6596e-18 1.857e-23 6.7193e-77 8.6591e-70 6.441e-65 5.1074e-63 6.8746e-70 1.2524e-06 9.8748e-05 6.6062e-12 8.8125e-20 1.845e-30 6.8969e-44
0.00012027 1.8614 9.9421e-13 2.6801e-13 1.5604e-22 6.2804e-26 8.4291e-31 2.7887e-25 1.0992e-26 1.014e-26 1.5756e-73 1.5463e-64 7.5458e-55 1.8841e-47 1.4862e-46 5.7045e-50 7.2995e-35 5.5279e-22 1.114e-11 2.457e-05 5.9059e-32 2.498e-22 3.2735e-19 1.3979e-31 1.9187e-28 3.3975e-42 2.2749e-58 4.2097e-54 1.0672e-39 1.0199e-27 1.198e-18 1.8482e-23 3.3475e-76 3.1289e-69 1.6881e-64 9.7086e-63 6.8746e-70 1.7186e-06 9.8281e-05 1.2498e-11 2.2987e-19 6.6354e-30 3.4198e-43
3.3128e-05 1.8863 1.3701e-12 1.9447e-13 2.9732e-22 8.6834e-26 8.4565e-31 1.4636e-25 7.9505e-27 1.0108e-26 5.7203e-73 4.0735e-64 1.4424e-54 2.6134e-47 1.4958e-46 1.5712e-50 2.7708e-35 2.8918e-22 8.0312e-12 2.4412e-05 8.139e-32 2.498e-22 2.3753e-19 2.6636e-31 2.6528e-28 3.4086e-42 1.656e-58 1.1595e-54 4.051e-40 5.3355e-28 8.6369e-19 1.8363e-23 1.6641e-75 1.1286e-68 4.4184e-64 1.8439e-62 6.8746e-70 2.3532e-06 9.7647e-05 2.3584e-11 5.9778e-19 2.378e-29 1.689e-42
9.1247e-06 1.9111 1.8871e-12 1.412e-13 5.6652e-22 1.2013e-25 8.4939e-31 7.6812e-26 5.747e-27 1.0063e-26 2.0768e-72 1.0738e-63 2.7606e-54 3.6314e-47 1.5091e-46 4.3278e-51 1.0512e-35 1.511e-22 5.7797e-12 2.4197e-05 1.121e-31 2.498e-22 1.7246e-19 5.0752e-31 3.6699e-28 3.4237e-42 1.2077e-58 3.1937e-55 1.5368e-40 2.7878e-28 6.2156e-19 1.8201e-23 8.248e-75 4.0616e-68 1.1544e-63 3.4979e-62 6.8746e-70 3.2125e-06 9.6787e-05 4.4346e-11 1.5481e-18 8.4823e-29 8.298e-42
2.5133e-06 1.9359 2.5971e-12 1.026e-13 1.0795e-21 1.6632e-25 8.5451e-31 4.0313e-26 4.1509e-27 1.0003e-26 7.54e-72 2.8327e-63 5.2918e-54 5.0581e-47 1.5273e-46 1.192e-51 3.9846e-36 7.8825e-23 4.1495e-12 2.3908e-05 1.5428e-31 2.498e-22 1.2531e-19 9.6703e-31 5.081e-28 3.4443e-42 8.8283e-59 8.7968e-56 5.8256e-41 1.4544e-28 4.4625e-19 1.7984e-23 4.0719e-74 1.457e-67 3.0091e-63 6.625e-62 6.8746e-70 4.3683e-06 9.5632e-05 8.2988e-11 3.9871e-18 3.0064e-28 4.0476e-41
6.9226e-07 1.9605 3.5704e-12 7.4628e-14 2.0568e-21 2.3051e-25 8.6148e-31 2.1157e-26 2.9949e-27 9.9218e-27 2.7374e-71 7.4807e-63 1.0165e-53 7.0676e-47 1.5523e-46 3.2833e-52 1.5088e-36 4.1035e-23 2.9697e-12 2.3523e-05 2.1209e-31 2.498e-22 9.1152e-20 1.8426e-30 7.0422e-28 3.4724e-42 6.474e-59 2.423e-56 2.2059e-41 7.5711e-29 3.1937e-19 1.7694e-23 1.9996e-73 5.2044e-67 7.8186e-63 1.2521e-61 6.8746e-70 5.9087e-06 9.4091e-05 1.5432e-10 1.0193e-17 1.0566e-27 1.9557e-40
1.9067e-07 1.9851 4.9017e-12 5.4359e-14 3.919e-21 3.1993e-25 8.7092e-31 1.1104e-26 2.1579e-27 9.8143e-27 9.9385e-71 1.9783e-62 1.9581e-53 9.9166e-47 1.5866e-46 9.0435e-53 5.7054e-37 2.1302e-23 2.1165e-12 2.3016e-05 2.9118e-31 2.498e-22 6.6395e-20 3.5109e-30 9.7739e-28 3.5104e-42 4.7674e-59 6.6738e-57 8.3415e-42 3.9304e-29 2.2762e-19 1.7313e-23 9.7518e-73 1.8488e-66 2.0231e-62 2.3599e-61 6.8746e-70 7.937e-06 9.2063e-05 2.8459e-10 2.5806e-17 3.6725e-27 9.332e-40
5.2519e-08 2.0096 6.7173e-12 3.9667e-14 7.4674e-21 4.4483e-25 8.8363e-31 5.8275e-27 1.552e-27 9.6731e-27 3.6082e-70 5.241e-62 3.7855e-53 1.3989e-46 1.6332e-46 2.4909e-53 2.1536e-37 1.1019e-23 1.5003e-12 2.2358e-05 3.9903e-31 2.498e-22 4.845e-20 6.6896e-30 1.359e-27 3.5617e-42 3.5296e-59 1.8382e-57 3.1486e-42 2.0331e-29 1.6135e-19 1.6818e-23 4.7133e-72 6.5204e-66 5.2066e-62 4.432e-61 6.8746e-70 1.0566e-05 8.9433e-05 5.1919e-10 6.4516e-17 1.2583e-26 4.3815e-39
1.4466e-08 2.0338 9.1845e-12 2.9011e-14 1.4228e-20 6.1991e-25 9.0062e-31 3.0584e-27 1.1137e-27 9.4907e-27 1.31e-69 1.3917e-61 7.3515e-53 1.987e-46 1.6966e-46 6.861e-54 8.1104e-38 5.674e-24 1.0563e-12 2.1523e-05 5.4558e-31 2.498e-22 3.5435e-20 1.2746e-29 1.8938e-27 3.6301e-42 2.6311e-59 5.0632e-58 1.1858e-42 1.0469e-29 1.136e-19 1.619e-23 2.2523e-71 2.2788e-65 1.3309e-61 8.2855e-61 6.8746e-70 1.3907e-05 8.6092e-05 9.3434e-10 1.5875e-16 4.2332e-26 2.0155e-38
3.9844e-09 2.0579 1.2523e-11 2.1278e-14 2.7111e-20 8.6631e-25 9.2311e-31 1.6051e-27 7.969e-28 9.2595e-27 4.7561e-69 3.7057e-61 1.4357e-52 2.8461e-46 1.7824e-46 1.8898e-54 3.0458e-38 2.9053e-24 7.3744e-13 2.0487e-05 7.4388e-31 2.498e-22 2.5989e-20 2.4287e-29 2.6466e-27 3.7208e-42 1.9779e-59 1.3946e-58 4.4531e-43 5.3604e-30 7.9307e-20 1.541e-23 1.0612e-70 7.8754e-65 3.3733e-61 1.5403e-60 6.8747e-70 1.8049e-05 8.1949e-05 1.6533e-09 3.8301e-16 1.3925e-25 9.0398e-38
1.0975e-09 2.0817 1.7017e-11 1.5659e-14 5.1657e-20 1.2148e-24 9.5255e-31 8.424e-28 5.6832e-28 8.9733e-27 1.7267e-68 9.9008e-61 2.8229e-52 4.1181e-46 1.8979e-46 5.2052e-55 1.14e-38 1.4776e-24 5.0966e-13 1.924e-05 1.0108e-30 2.498e-22 1.9126e-20 4.6277e-29 3.7111e-27 3.8394e-42 1.502e-59 3.8412e-59 1.6667e-43 2.7263e-30 5.481e-20 1.4473e-23 4.9171e-70 2.6852e-64 8.4643e-61 2.8442e-60 6.8748e-70 2.3034e-05 7.6963e-05 2.8672e-09 9.0255e-16 4.4591e-25 3.9335e-37
3.0228e-10 2.1051 2.3033e-11 1.1568e-14 9.8428e-20 1.71e-24 9.9061e-31 4.4211e-28 4.0373e-28 8.6285e-27 6.269e-68 2.6556e-60 5.5937e-52 6.0286e-46 2.0526e-46 1.4337e-55 4.2503e-39 7.4571e-25 3.4815e-13 1.779e-05 1.3682e-30 2.498e-22 1.413e-20 8.8176e-29 5.2239e-27 3.9929e-42 1.154e-59 1.058e-59 6.2141e-44 1.3759e-30 3.7441e-20 1.3382e-23 2.2344e-69 9.0145e-64 2.0992e-60 5.2113e-60 6.875e-70 2.883e-05 7.1165e-05 4.8575e-09 2.0698e-15 1.3841e-24 1.6527e-36
8.3261e-11 2.1283 3.1043e-11 8.5833e-15 1.8755e-19 2.4175e-24 1.0391e-30 2.3203e-28 2.8557e-28 8.2256e-27 2.276e-67 7.1536e-60 1.118e-51 8.9405e-46 2.2586e-46 3.949e-56 1.5778e-39 3.7309e-25 2.3476e-13 1.6167e-05 1.8441e-30 2.498e-22 1.0484e-20 1.6801e-28 7.3854e-27 4.1884e-42 8.9815e-60 2.9142e-60 2.3068e-44 6.8837e-31 2.5247e-20 1.2161e-23 9.9364e-69 2.9745e-63 5.1395e-60 9.4665e-60 6.8754e-70 3.5314e-05 6.4678e-05 8.019e-09 4.6051e-15 4.1506e-24 6.6794e-36
2.2933e-11 2.1511 4.1647e-11 6.398e-15 3.5735e-19 3.4335e-24 1.1001e-30 1.2177e-28 2.0107e-28 7.7697e-27 8.2632e-67 1.9359e-59 2.2553e-51 1.3443e-45 2.5314e-46 1.0877e-56 5.8303e-40 1.8495e-25 1.5613e-13 1.4425e-05 2.4739e-30 2.498e-22 7.8146e-21 3.2013e-28 1.0489e-26 4.4342e-42 7.0876e-60 8.0268e-61 8.5241e-45 3.4125e-31 1.6791e-20 1.0851e-23 4.3185e-68 9.6361e-63 1.2411e-59 1.704e-59 6.8761e-70 4.2274e-05 5.7713e-05 1.2878e-08 9.9218e-15 1.1997e-23 2.5901e-35
6.3167e-12 2.1735 5.561e-11 4.7915e-15 6.809e-19 4.8995e-24 1.1756e-30 6.391e-29 1.409e-28 7.2705e-27 3e-66 5.2637e-59 4.5924e-51 2.05e-45 2.891e-46 2.9959e-57 2.1443e-40 9.0831e-26 1.0238e-13 1.2631e-05 3.3034e-30 2.498e-22 5.8524e-21 6.0998e-28 1.4968e-26 4.7386e-42 5.6724e-60 2.2109e-61 3.1351e-45 1.6759e-31 1.1011e-20 9.5011e-24 1.8335e-67 3.0639e-62 2.9553e-59 3.0387e-59 6.8773e-70 4.9436e-05 5.0544e-05 2.011e-08 2.0687e-14 3.3402e-23 9.6289e-35
1.7399e-12 2.1956 7.3915e-11 3.6049e-15 1.2974e-18 7.0237e-24 1.268e-30 3.3541e-29 9.8291e-29 6.7411e-27 1.0892e-65 1.4378e-58 9.4375e-51 3.1696e-45 3.3629e-46 8.252e-58 7.8503e-41 4.4199e-26 6.6219e-14 1.0858e-05 4.3907e-30 2.498e-22 4.4031e-21 1.1623e-27 2.1457e-26 5.1108e-42 4.6028e-60 6.0897e-62 1.1477e-45 8.1549e-32 7.1214e-21 8.1678e-24 7.6084e-67 9.5656e-62 6.9416e-59 5.3699e-59 6.8794e-70 5.6505e-05 4.3464e-05 3.0551e-08 4.1774e-14 8.9648e-23 3.435e-34
4.7922e-13 2.2173 9.7819e-11 2.7239e-15 2.472e-18 1.0113e-23 1.3795e-30 1.7603e-29 6.8268e-29 6.1963e-27 3.9544e-65 3.9443e-58 1.9564e-50 4.9647e-45 3.9803e-46 2.2729e-58 2.8616e-41 2.1322e-26 4.2275e-14 9.1741e-06 5.8107e-30 2.498e-22 3.3271e-21 2.2146e-27 3.0894e-26 5.5602e-42 3.7838e-60 1.6773e-62 4.1837e-46 3.934e-32 4.5464e-21 6.9009e-24 3.0902e-66 2.9357e-61 1.6098e-58 9.4099e-59 6.8831e-70 6.3213e-05 3.6742e-05 4.5231e-08 8.1848e-14 2.3245e-22 1.1787e-33
1.32e-13 2.2387 1.2894e-10 2.0665e-15 4.7103e-18 1.4618e-23 1.5127e-30 9.2385e-30 4.7228e-29 5.6504e-27 1.4357e-64 1.0864e-57 4.0878e-50 7.8698e-45 4.7865e-46 6.2605e-59 1.039e-41 1.0204e-26 2.667e-14 7.6289e-06 7.6594e-30 2.498e-22 2.524e-21 4.2197e-27 4.4657e-26 6.0973e-42 3.1479e-60 4.62e-63 1.519e-46 1.8827e-32 2.8681e-21 5.7385e-24 1.2309e-65 8.8712e-61 3.6904e-58 1.6365e-58 6.8893e-70 6.9354e-05 3.0581e-05 6.5413e-08 1.5603e-13 5.8412e-22 3.9044e-33
3.6357e-14 2.2599 1.6936e-10 1.5733e-15 8.975e-18 2.1205e-23 1.6707e-30 4.8486e-30 3.2556e-29 5.1161e-27 5.2123e-64 3.0028e-57 8.6023e-50 1.2609e-44 5.8385e-46 1.7244e-59 3.7588e-42 4.849e-27 1.6646e-14 6.2543e-06 1.0061e-29 2.498e-22 1.9216e-21 8.0402e-27 6.4782e-26 6.7341e-42 2.6469e-60 1.2725e-63 5.4955e-47 8.9467e-33 1.7902e-21 4.7046e-24 4.8197e-65 2.6446e-60 8.3756e-58 2.8277e-58 6.9001e-70 7.4797e-05 2.511e-05 9.2663e-08 2.9032e-13 1.4276e-21 1.2533e-32
1.0014e-14 2.2808 2.2175e-10 1.2016e-15 1.7101e-17 3.0859e-23 1.8569e-30 2.5446e-30 2.2372e-29 4.6031e-27 1.8924e-63 8.3264e-57 1.8218e-49 2.0394e-44 7.2123e-46 4.7496e-60 1.3556e-42 2.2897e-27 1.0292e-14 5.0629e-06 1.3173e-29 2.498e-22 1.4676e-21 1.532e-26 9.4274e-26 7.4846e-42 2.2468e-60 3.505e-64 1.9819e-47 4.2246e-33 1.1068e-21 3.8084e-24 1.8596e-64 7.793e-60 1.885e-57 4.8606e-58 6.9184e-70 7.949e-05 2.0381e-05 1.2894e-07 5.2893e-13 3.4054e-21 3.9147e-32
2.7583e-15 2.3014 2.8952e-10 9.2033e-16 3.2584e-17 4.5036e-23 2.0756e-30 1.3355e-30 1.5329e-29 4.118e-27 6.8703e-63 2.3154e-56 3.8801e-49 3.3268e-44 9.0114e-46 1.3082e-60 4.8748e-43 1.0751e-27 6.3089e-15 4.0521e-06 1.7198e-29 2.498e-22 1.1241e-21 2.9191e-26 1.3758e-25 8.3662e-42 1.9236e-60 9.6542e-65 7.1272e-48 1.9835e-33 6.7847e-22 3.0481e-24 7.0868e-64 2.2747e-59 4.2142e-57 8.3229e-58 6.9496e-70 8.3438e-05 1.6385e-05 1.767e-07 9.464e-13 7.9554e-21 1.194e-31
7.5973e-16 2.3219 3.7699e-10 7.0679e-16 6.2086e-17 6.5901e-23 2.3326e-30 7.0089e-31 1.0476e-29 3.6644e-27 2.4943e-62 6.4557e-56 8.3083e-49 5.4708e-44 1.1381e-45 3.6033e-61 1.7484e-43 5.0206e-28 3.8365e-15 3.2086e-06 2.2394e-29 2.498e-22 8.6329e-22 5.562e-26 2.0133e-25 9.4019e-42 1.6602e-60 2.6591e-65 2.5562e-48 9.2633e-34 4.1258e-22 2.4135e-24 2.6731e-63 6.5892e-59 9.3752e-57 1.422e-57 7.0028e-70 8.6687e-05 1.3074e-05 2.3905e-07 1.6671e-12 1.8248e-20 3.5661e-31
2.0926e-16 2.3422 4.8955e-10 5.4429e-16 1.183e-16 9.6698e-23 2.6357e-30 3.6784e-31 7.1394e-30 3.243e-27 9.0559e-62 1.8049e-55 1.7888e-48 9.0707e-44 1.4531e-45 9.925e-62 6.2535e-44 2.3319e-28 2.3139e-15 2.513e-06 2.908e-29 2.498e-22 6.648e-22 1.0598e-25 2.9541e-25 1.0624e-41 1.4446e-60 7.3243e-66 9.1428e-49 4.3025e-34 2.4884e-22 1.8903e-24 9.9983e-63 1.8979e-58 2.0795e-56 2.4289e-57 7.0936e-70 8.9308e-05 1.0372e-05 3.1981e-07 2.8962e-12 4.1165e-20 1.0447e-30
5.7638e-17 2.3622 6.3371e-10 4.2047e-16 2.2541e-16 1.4233e-22 2.997e-30 1.9305e-31 4.8503e-30 2.852e-27 3.2878e-61 5.0621e-55 3.8757e-48 1.5182e-43 1.8788e-45 2.7337e-62 2.2297e-44 1.0763e-28 1.3825e-15 1.9435e-06 3.7644e-29 2.498e-22 5.1357e-22 2.0193e-25 4.3483e-25 1.208e-41 1.269e-60 2.0174e-66 3.2599e-49 1.9858e-34 1.4867e-22 1.462e-24 3.7141e-62 5.4464e-58 4.61e-56 4.1596e-57 7.2497e-70 9.1378e-05 8.1984e-06 4.2358e-07 4.9656e-12 9.1363e-20 3.0013e-30
1.5876e-17 2.3819 8.1694e-10 3.2616e-16 4.295e-16 2.1038e-22 3.4362e-30 1.0132e-31 3.2816e-30 2.4875e-27 1.1937e-60 1.4256e-54 8.4667e-48 2.5727e-43 2.4697e-45 7.5297e-63 7.9172e-45 4.9267e-29 8.1581e-16 1.4785e-06 4.8529e-29 2.498e-22 3.9838e-22 3.8476e-25 6.4269e-25 1.385e-41 1.1286e-60 5.5567e-67 1.1575e-49 9.09e-35 8.7734e-23 1.1122e-24 1.372e-61 1.5606e-57 1.0247e-55 7.1719e-57 7.5214e-70 9.2974e-05 6.4706e-06 5.5559e-07 8.3965e-12 1.9916e-19 8.4343e-30
4.3728e-18 2.4011 1.0468e-09 2.5453e-16 8.1836e-16 3.1282e-22 3.9873e-30 5.3174e-32 2.2069e-30 2.1437e-27 4.3337e-60 4.0392e-54 1.872e-47 4.4392e-43 3.3255e-45 2.074e-63 2.7944e-45 2.2282e-29 4.728e-16 1.098e-06 6.2185e-29 2.498e-22 3.1089e-22 7.3313e-25 9.5566e-25 1.6072e-41 1.022e-60 1.5305e-67 4.0855e-50 4.1112e-35 5.0847e-23 8.2595e-25 5.0449e-61 4.4783e-57 2.2946e-55 1.2534e-56 8.0049e-70 9.4165e-05 5.1143e-06 7.2106e-07 1.3964e-11 4.2442e-19 2.3032e-29
1.2044e-18 2.4196 1.3288e-09 2.0052e-16 1.5593e-15 4.6958e-22 4.7154e-30 2.7907e-32 1.4702e-30 1.8127e-27 1.5734e-59 1.1553e-53 4.2183e-47 7.8806e-43 4.651e-45 5.7125e-64 9.7697e-46 9.8885e-30 2.6633e-16 7.8511e-07 7.8933e-29 2.498e-22 2.4492e-22 1.3969e-24 1.4346e-24 1.9007e-41 9.5218e-61 4.2156e-68 1.4284e-50 1.8245e-35 2.8642e-23 5.9057e-25 1.848e-60 1.2924e-56 5.2171e-55 2.245e-56 8.8991e-70 9.5011e-05 4.0653e-06 9.2349e-07 2.2701e-11 8.7579e-19 6.0327e-29
3.3175e-19 2.4369 1.6605e-09 1.6046e-16 2.9711e-15 7.1598e-22 5.7533e-30 1.4646e-32 9.6423e-31 1.4857e-27 5.7123e-59 3.3564e-53 9.8067e-47 1.466e-42 6.9237e-45 1.5734e-64 3.3628e-46 4.2535e-30 1.4317e-16 5.274e-07 9.8641e-29 2.498e-22 1.9599e-22 2.6617e-24 2.1873e-24 2.319e-41 9.2965e-61 1.1611e-68 4.9165e-51 7.8479e-36 1.5396e-23 3.9672e-25 6.7487e-60 3.7768e-56 1.22e-54 4.2008e-56 1.0663e-69 9.5567e-05 3.2721e-06 1.1608e-06 3.5659e-11 1.7192e-18 1.4799e-28
9.1376e-20 2.4522 2.0216e-09 1.318e-16 5.6612e-15 1.1206e-21 7.396e-30 7.6866e-33 6.1609e-31 1.1557e-27 2.0739e-58 1.0009e-52 2.4021e-46 2.9496e-42 1.1442e-44 4.3339e-65 1.1277e-46 1.7365e-30 7.1158e-17 3.1914e-07 1.2009e-28 2.498e-22 1.6098e-22 5.0716e-24 3.4233e-24 2.9811e-41 9.8162e-61 3.1982e-69 1.6487e-51 3.2039e-36 7.6525e-24 2.4006e-25 2.4583e-59 1.13e-55 2.9982e-54 8.4799e-56 1.4522e-69 9.5885e-05 2.6966e-06 1.418e-06 5.3029e-11 3.1126e-18 3.262e-28
2.5168e-20 2.4642 2.3601e-09 1.129e-16 1.0787e-14 1.8289e-21 1.034e-29 4.0341e-33 3.7747e-31 8.2661e-28 7.5294e-58 3.1128e-52 6.3991e-46 6.7307e-42 2.2365e-44 1.1937e-65 3.626e-47 6.5185e-31 3.1183e-17 1.6327e-07 1.402e-28 2.498e-22 1.379e-22 9.6634e-24 5.5874e-24 4.1679e-41 1.1756e-60 8.8092e-70 5.3014e-52 1.2027e-36 3.3535e-24 1.2281e-25 8.9385e-59 3.5195e-55 7.999e-54 1.938e-55 2.4352e-69 9.6029e-05 2.3134e-06 1.6578e-06 7.2379e-11 4.9596e-18 6.0678e-28
6.9323e-21 2.4718 2.6031e-09 1.0236e-16 2.0553e-14 3.1595e-21 1.6196e-29 2.1172e-33 2.185e-31 5.2777e-28 2.7336e-57 1.0246e-51 1.9097e-45 1.8211e-41 5.4864e-44 3.2879e-66 1.1016e-47 2.1843e-31 1.1525e-17 6.6556e-08 1.5463e-28 2.498e-22 1.2502e-22 1.8413e-23 9.6523e-24 6.528e-41 1.6694e-60 2.4264e-70 1.6106e-52 4.0301e-37 1.2394e-24 5.0064e-26 3.2467e-58 1.159e-54 2.3882e-53 5.2459e-55 5.4185e-69 9.6072e-05 2.0984e-06 1.8294e-06 8.8093e-11 6.658e-18 8.9845e-28
1.9094e-21 2.4753 2.7241e-09 9.7815e-17 3.9163e-14 5.7529e-21 2.818e-29 1.1112e-33 1.2e-31 3.0332e-28 9.9245e-57 3.5548e-51 6.3313e-45 5.7696e-41 1.661e-43 9.0563e-67 3.1752e-48 6.5884e-32 3.6378e-18 2.1984e-08 1.6182e-28 2.498e-22 1.1947e-22 3.5084e-23 1.7575e-23 1.1358e-40 2.7757e-60 6.6832e-71 4.6422e-53 1.2156e-37 3.9122e-25 1.6537e-26 1.1788e-57 4.0214e-54 7.9184e-53 1.6621e-54 1.5677e-68 9.608e-05 2.0054e-06 1.9145e-06 9.6477e-11 7.6304e-18 1.0775e-27
5.2593e-22 2.4765 2.7676e-09 9.6278e-17 7.4621e-14 1.0789e-20 5.2019e-29 5.8316e-34 6.3986e-32 1.6431e-28 3.6032e-56 1.2703e-50 2.2269e-44 1.9975e-40 5.6602e-43 2.4944e-67 8.8853e-49 1.8731e-32 1.0507e-18 6.4513e-09 1.644e-28 2.498e-22 1.176e-22 6.6849e-23 3.2961e-23 2.0968e-40 5.0433e-60 1.8408e-71 1.2991e-53 3.456e-38 1.13e-25 4.8527e-27 4.2799e-57 1.4371e-53 2.7852e-52 5.7545e-54 5.2584e-68 9.6081e-05 1.9739e-06 1.9451e-06 9.9583e-11 8.0018e-18 1.148e-27
1.4486e-22 2.4769 2.7807e-09 9.5823e-17 1.4218e-13 2.0461e-20 9.8184e-29 3.0605e-34 3.3741e-32 8.7055e-29 1.3082e-55 4.5901e-50 8.0089e-44 7.1498e-40 2.0164e-42 6.8706e-68 2.459e-49 5.2083e-33 2.9355e-19 1.8109e-09 1.6518e-28 2.498e-22 1.1704e-22 1.2737e-22 6.2508e-23 3.9575e-40 9.4741e-60 5.0703e-72 3.5951e-54 9.6095e-39 3.157e-26 1.3622e-27 1.5538e-56 5.1928e-53 1.0017e-51 2.0597e-53 1.8645e-67 9.6081e-05 1.9645e-06 1.9543e-06 1.0053e-10 8.1162e-18 1.1699e-27
3.99e-23 2.477 2.7844e-09 9.5695e-17 2.7092e-13 3.8934e-20 1.8658e-28 1.6062e-34 1.7732e-32 4.5811e-29 4.7494e-55 1.6643e-49 2.8999e-43 2.5854e-39 7.2818e-42 1.8924e-68 6.7819e-50 1.4384e-33 8.1181e-20 5.0146e-10 1.654e-28 2.498e-22 1.1688e-22 2.427e-22 1.1894e-22 7.5206e-40 1.798e-59 1.3966e-72 9.9155e-55 2.6539e-39 8.7304e-27 3.7721e-28 5.6413e-56 1.8828e-52 3.627e-51 7.4482e-53 6.724e-67 9.6081e-05 1.9619e-06 1.9569e-06 1.008e-10 8.1488e-18 1.1762e-27
1.099e-23 2.477 2.7854e-09 9.566e-17 5.1621e-13 7.4158e-20 3.5525e-28 8.4299e-35 9.3094e-33 2.406e-29 1.7243e-54 6.04e-49 1.0521e-42 9.3761e-39 2.6398e-41 5.2125e-69 1.8687e-50 3.9648e-34 2.2385e-20 1.3833e-10 1.6546e-28 2.498e-22 1.1684e-22 4.6244e-22 2.2655e-22 1.4319e-39 3.4221e-59 3.8466e-73 2.7321e-55 7.3153e-40 2.4074e-27 1.0405e-28 2.0481e-55 6.833e-52 1.3158e-50 2.7011e-52 2.4367e-66 9.6081e-05 1.9612e-06 1.9577e-06 1.0087e-10 8.1579e-18 1.178e-27
3.0271e-24 2.477 2.7857e-09 9.565e-17 9.8359e-13 1.4129e-19 6.7676e-28 4.4242e-35 4.8863e-33 1.263e-29 6.2602e-54 2.1926e-48 3.8188e-42 3.403e-38 9.5801e-41 1.4357e-69 5.1476e-51 1.0923e-34 6.1676e-21 3.8116e-11 1.6548e-28 2.498e-22 1.1683e-22 8.8114e-22 4.3163e-22 2.7278e-39 6.5185e-59 1.0595e-73 7.526e-56 2.0153e-40 6.6328e-28 2.8671e-29 7.4359e-55 2.4805e-51 4.7762e-50 9.8036e-52 8.8421e-66 9.6081e-05 1.961e-06 1.9579e-06 1.0089e-10 8.1604e-18 1.1784e-27
8.3378e-25 2.477 2.7858e-09 9.5647e-17 1.8741e-12 2.692e-19 1.2894e-27 2.3219e-35 2.5645e-33 6.6288e-30 2.2728e-53 7.9603e-48 1.3864e-41 1.2354e-37 3.4777e-40 3.9545e-70 1.4179e-51 3.0088e-35 1.6989e-21 1.05e-11 1.6548e-28 2.498e-22 1.1683e-22 1.6789e-21 8.2241e-22 5.1973e-39 1.2419e-58 2.9183e-74 2.073e-56 5.5513e-41 1.8271e-28 7.8981e-30 2.6996e-54 9.0054e-51 1.7339e-49 3.559e-51 3.2097e-65 9.6081e-05 1.9609e-06 1.9579e-06 1.009e-10 8.1611e-18 1.1786e-27
2.2966e-25 2.477 2.7858e-09 9.5647e-17 3.571e-12 5.1294e-19 2.4569e-27 1.2186e-35 1.3459e-33 3.479e-30 8.2516e-53 2.89e-47 5.0333e-41 4.4851e-37 1.2626e-39 1.0892e-70 3.9055e-52 8.2874e-36 4.6797e-22 2.8921e-12 1.6548e-28 2.498e-22 1.1682e-22 3.1991e-21 1.567e-21 9.9029e-39 2.3663e-58 8.0381e-75 5.7099e-57 1.5291e-41 5.0326e-29 2.1755e-30 9.8013e-54 3.2695e-50 6.2951e-49 1.2921e-50 1.1653e-64 9.6081e-05 1.9609e-06 1.9579e-06 1.009e-10 8.1613e-18 1.1786e-27
6.3256e-26 2.477 2.7858e-09 9.5646e-17 6.8042e-12 9.7735e-19 4.6813e-27 6.3955e-36 7.0637e-34 1.8259e-30 2.9958e-52 1.0492e-46 1.8274e-40 1.6283e-36 4.5838e-39 3.0002e-71 1.0757e-52 2.2827e-36 1.289e-22 7.9661e-13 1.6549e-28 2.498e-22 1.1682e-22 6.0955e-21 2.9858e-21 1.8869e-38 4.5088e-58 2.214e-75 1.5727e-57 4.2117e-42 1.3862e-29 5.9922e-31 3.5584e-53 1.187e-49 2.2855e-48 4.691e-50 4.2306e-64 9.6081e-05 1.9609e-06 1.9579e-06 1.009e-10 8.1613e-18 1.1786e-27
1.7423e-26 2.477 2.7858e-09 9.5646e-17 1.2965e-11 1.8622e-18 8.9198e-27 3.3565e-36 3.7072e-34 9.5826e-31 1.0877e-51 3.8094e-46 6.6344e-40 5.9118e-36 1.6642e-38 8.2636e-72 2.9629e-53 6.2874e-37 3.5503e-23 2.1942e-13 1.6549e-28 2.498e-22 1.1682e-22 1.1614e-20 5.6891e-21 3.5953e-38 8.5911e-58 6.0982e-76 4.3319e-58 1.1601e-42 3.8181e-30 1.6505e-31 1.2919e-52 4.3095e-49 8.2976e-48 1.7031e-49 1.5359e-63 9.6081e-05 1.9609e-06 1.9579e-06 1.009e-10 8.1613e-18 1.1786e-27
4.799e-27 2.477 2.7858e-09 9.5646e-17 2.4703e-11 3.5483e-18 1.6996e-26 1.7616e-36 1.9456e-34 5.0292e-31 3.9488e-51 1.383e-45 2.4087e-39 2.1463e-35 6.042e-38 2.2761e-72 8.1611e-54 1.7318e-37 9.7789e-24 6.0436e-14 1.6549e-28 2.498e-22 1.1682e-22 2.213e-20 1.084e-20 6.8505e-38 1.637e-57 1.6797e-76 1.1932e-58 3.1952e-43 1.0517e-30 4.5461e-32 4.6904e-52 1.5646e-48 3.0125e-47 6.1832e-49 5.5763e-63 9.6081e-05 1.9609e-06 1.9579e-06 1.009e-10 8.1613e-18 1.1786e-27
1.3218e-27 2.477 2.7858e-09 9.5646e-17 4.7069e-11 6.761e-18 3.2384e-26 9.245e-37 1.0211e-34 2.6394e-31 1.4336e-50 5.0212e-45 8.7448e-39 7.7923e-35 2.1936e-37 6.2693e-73 2.2479e-54 4.77e-38 2.6935e-24 1.6646e-14 1.6549e-28 2.498e-22 1.1682e-22 4.2167e-20 2.0655e-20 1.3053e-37 3.1191e-57 4.6265e-77 3.2865e-59 8.8009e-44 2.8966e-31 1.2522e-32 1.7029e-51 5.6804e-48 1.0937e-46 2.2449e-48 2.0245e-62 9.6081e-05 1.9609e-06 1.9579e-06 1.009e-10 8.1613e-18 1.1786e-27
3.6408e-28 2.477 2.7858e-09 9.5646e-17 8.9686e-11 1.2882e-17 6.1704e-26 4.852e-37 5.359e-35 1.3852e-31 5.2049e-50 1.823e-44 3.1749e-38 2.8291e-34 7.964e-37 1.7268e-73 6.1915e-55 1.3138e-38 7.4189e-25 4.5851e-15 1.6549e-28 2.498e-22 1.1682e-22 8.0345e-20 3.9356e-20 2.4871e-37 5.9431e-57 1.2743e-77 9.0522e-60 2.4241e-44 7.9785e-32 3.4489e-33 6.1824e-51 2.0623e-47 3.9708e-46 8.1501e-48 7.3502e-62 9.6081e-05 1.9609e-06 1.9579e-06 1.009e-10 8.1613e-18 1.1786e-27
1.0028e-28 2.477 2.7858e-09 9.5646e-17 1.7089e-10 2.4546e-17 1.1757e-25 2.5464e-37 2.8125e-35 7.27e-32 1.8897e-49 6.6184e-44 1.1527e-37 1.0271e-33 2.8914e-36 4.7563e-74 1.7054e-55 3.6188e-39 2.0435e-25 1.2629e-15 1.6549e-28 2.498e-22 1.1682e-22 1.5309e-19 7.4989e-20 4.739e-37 1.1324e-56 3.51e-78 2.4933e-60 6.6769e-45 2.1976e-32 9.4997e-34 2.2446e-50 7.4874e-47 1.4416e-45 2.959e-47 2.6685e-61 9.6081e-05 1.9609e-06 1.9579e-06 1.009e-10 8.1613e-18 1.1786e-27
2.7621e-29 2.477 2.7858e-09 9.5646e-17 3.2561e-10 4.6771e-17 2.2402e-25 1.3364e-37 1.4761e-35 3.8154e-32 6.8607e-49 2.4029e-43 4.1848e-37 3.729e-33 1.0497e-35 1.3101e-74 4.6973e-56 9.9677e-40 5.6285e-26 3.4785e-16 1.6549e-28 2.498e-22 1.1682e-22 2.917e-19 1.4288e-19 9.0297e-37 2.1577e-56 9.6678e-79 6.8676e-61 1.8391e-45 6.053e-33 2.6166e-34 8.1491e-50 2.7183e-46 5.2339e-45 1.0743e-46 9.6884e-61 9.6081e-05 1.9609e-06 1.9579e-06 1.009e-10 8.1613e-18 1.1786e-27
7.608e-30 2.477 2.7858e-09 9.5646e-17 6.2043e-10 8.9118e-17 4.2685e-25 7.0139e-38 7.7467e-36 2.0024e-32 2.4908e-48 8.7238e-43 1.5193e-36 1.3538e-32 3.8112e-35 3.6084e-75 1.2938e-56 2.7455e-40 1.5503e-26 9.5812e-17 1.6549e-28 2.498e-22 1.1682e-22 5.5581e-19 2.7225e-19 1.7205e-36 4.1113e-56 2.6629e-79 1.8916e-61 5.0655e-46 1.6672e-33 7.2071e-35 2.9586e-49 9.8692e-46 1.9002e-44 3.9002e-46 3.5174e-60 9.6081e-05 1.9609e-06 1.9579e-06 1.009e-10 8.1613e-18 1.1786e-27
2.0955e-30 2.477 2.7858e-09 9.5646e-17 1.1822e-09 1.6981e-16 8.1333e-25 3.681e-38 4.0656e-36 1.0509e-32 9.0431e-48 3.1672e-42 5.516e-36 4.9153e-32 1.3837e-34 9.9389e-76 3.5636e-57 7.5621e-41 4.2701e-27 2.639e-17 1.6549e-28 2.498e-22 1.1682e-22 1.059e-18 5.1875e-19 3.2783e-36 7.8336e-56 7.3346e-80 5.2102e-62 1.3952e-46 4.5922e-34 1.9851e-35 1.0741e-48 3.5831e-45 6.8989e-44 1.416e-45 1.277e-59 9.6081e-05 1.9609e-06 1.9579e-06 1.009e-10 8.1613e-18 1.1786e-27
5.7719e-31 2.477 2.7858e-09 9.5646e-17 2.2525e-09 3.2355e-16 1.5497e-24 1.9319e-38 2.1337e-36 5.5155e-33 3.2832e-47 1.1499e-41 2.0026e-35 1.7845e-31 5.0235e-34 2.7376e-76 9.8156e-58 2.0829e-41 1.1761e-27 7.2689e-18 1.6549e-28 2.498e-22 1.1682e-22 2.0179e-18 9.8844e-19 6.2465e-36 1.4926e-55 2.0202e-80 1.4351e-62 3.843e-47 1.2649e-34 5.4678e-36 3.8998e-48 1.3009e-44 2.5047e-43 5.1409e-45 4.6364e-59 9.6081e-05 1.9609e-06 1.9579e-06 1.009e-10 8.1613e-18 1.1786e-27
1.5898e-31 2.477 2.7858e-09 9.5646e-17 4.2919e-09 6.1649e-16 2.9529e-24 1.0139e-38 1.1198e-36 2.8946e-33 1.192e-46 4.1748e-41 7.2707e-35 6.4788e-31 1.8238e-33 7.5403e-77 2.7036e-58 5.7371e-42 3.2396e-28 2.0021e-18 1.6549e-28 2.498e-22 1.1682e-22 3.8449e-18 1.8834e-18 1.1902e-35 2.8441e-55 5.5645e-81 3.9528e-63 1.0585e-47 3.4839e-35 1.506e-36 1.4158e-47 4.7229e-44 9.0935e-43 1.8665e-44 1.6833e-58 9.6081e-05 1.9609e-06 1.9579e-06 1.009e-10 8.1613e-18 1.1786e-27
4.3789e-32 2.477 2.7858e-09 9.5646e-17 8.1779e-09 1.1747e-15 5.6264e-24 5.3212e-39 5.8771e-37 1.5192e-33 4.3276e-46 1.5157e-40 2.6397e-34 2.3522e-30 6.6216e-33 2.0769e-77 7.4468e-59 1.5802e-42 8.923e-29 5.5146e-19 1.6549e-28 2.498e-22 1.1682e-22 7.3261e-18 3.5886e-18 2.2678e-35 5.4191e-55 1.5327e-81 1.0887e-63 2.9156e-48 9.596e-36 4.1482e-37 5.1403e-47 1.7147e-43 3.3015e-42 6.7763e-44 6.1112e-58 9.6081e-05 1.9609e-06 1.9579e-06 1.009e-10 8.1613e-18 1.1786e-27
1.2061e-32 2.477 2.7858e-09 9.5646e-17 1.5582e-08 2.2382e-15 1.0721e-23 2.7927e-39 3.0845e-37 7.9729e-34 1.5712e-45 5.5028e-40 9.5836e-34 8.5398e-30 2.404e-32 5.7206e-78 2.0511e-59 4.3525e-43 2.4577e-29 1.5189e-19 1.6549e-28 2.498e-22 1.1682e-22 1.3959e-17 6.8377e-18 4.3212e-35 1.0326e-54 4.2216e-82 2.9988e-64 8.0306e-49 2.6431e-36 1.1426e-37 1.8662e-46 6.2253e-43 1.1986e-41 2.4602e-43 2.2187e-57 9.6081e-05 1.9609e-06 1.9579e-06 1.009e-10 8.1613e-18 1.1786e-27
3.3221e-33 2.477 2.7858e-09 9.5646e-17 2.969e-08 4.2647e-15 2.0427e-23 1.4656e-39 1.6188e-37 4.1844e-34 5.7042e-45 1.9978e-39 3.4794e-33 3.1004e-29 8.7279e-32 1.5757e-78 5.6496e-60 1.1988e-43 6.7696e-30 4.1837e-20 1.6549e-28 2.498e-22 1.1682e-22 2.6598e-17 1.3029e-17 8.2336e-35 1.9674e-54 1.1628e-82 8.2599e-65 2.2119e-49 7.2802e-37 3.1471e-38 6.7755e-46 2.2601e-42 4.3517e-41 8.9319e-43 8.0552e-57 9.6081e-05 1.9609e-06 1.9579e-06 1.009e-10 8.1613e-18 1.1786e-27
9.1505e-34 2.477 2.7858e-09 9.5646e-17 5.6572e-08 8.126e-15 3.8922e-23 7.6921e-40 8.4958e-38 2.1961e-34 2.071e-44 7.2533e-39 1.2632e-32 1.1256e-28 3.1687e-31 4.34e-79 1.5561e-60 3.3021e-44 1.8646e-30 1.1524e-20 1.6549e-28 2.498e-22 1.1682e-22 5.068e-17 2.4825e-17 1.5688e-34 3.7488e-54 3.2027e-83 2.2751e-65 6.0925e-50 2.0052e-37 8.6682e-39 2.4599e-45 8.2056e-42 1.5799e-40 3.2428e-42 2.9245e-56 9.6081e-05 1.9609e-06 1.9579e-06 1.009e-10 8.1613e-18 1.1786e-27
2.5204e-34 2.477 2.7858e-09 9.5646e-17 1.0779e-07 1.5483e-14 7.4162e-23 4.037e-40 4.4588e-38 1.1525e-34 7.5188e-44 2.6334e-38 4.5862e-32 4.0867e-28 1.1504e-30 1.1954e-79 4.2861e-61 9.0952e-45 5.1358e-31 3.1741e-21 1.6549e-28 2.498e-22 1.1682e-22 9.6567e-17 4.7302e-17 2.9893e-34 7.1429e-54 8.8216e-84 6.2665e-66 1.6781e-50 5.5232e-38 2.3876e-39 8.9308e-45 2.9791e-41 5.736e-40 1.1773e-41 1.0618e-55 9.6081e-05 1.9609e-06 1.9579e-06 1.009e-10 8.1613e-18 1.1786e-27
6.9421e-35 2.477 2.7858e-09 9.5646e-17 2.0539e-07 2.9502e-14 1.4131e-22 2.1187e-40 2.3401e-38 6.0488e-35 2.7297e-43 9.5606e-38 1.6651e-31 1.4837e-27 4.1767e-30 3.2926e-80 1.1806e-61 2.5052e-45 1.4146e-31 8.7426e-22 1.6549e-28 2.498e-22 1.1682e-22 1.84e-16 9.0129e-17 5.6958e-34 1.361e-53 2.4298e-84 1.726e-66 4.6222e-51 1.5213e-38 6.5763e-40 3.2424e-44 1.0816e-40 2.0825e-39 4.2744e-41 3.8548e-55 9.6081e-05 1.9609e-06 1.9579e-06 1.009e-10 8.1613e-18 1.1786e-27
1.9121e-35 2.477 2.7858e-09 9.5646e-17 3.9135e-07 5.6214e-14 2.6925e-22 1.1119e-40 1.2281e-38 3.1745e-35 9.9106e-43 3.4711e-37 6.0452e-31 5.3867e-27 1.5164e-29 9.069e-81 3.2517e-62 6.9002e-46 3.8964e-32 2.408e-22 1.6549e-28 2.498e-22 1.1682e-22 3.5059e-16 1.7173e-16 1.0853e-33 2.5933e-53 6.6926e-85 4.7541e-67 1.2731e-51 4.1902e-39 1.8114e-40 1.1772e-43 3.9268e-40 7.5607e-39 1.5518e-40 1.3995e-54 9.6081e-05 1.9609e-06 1.9579e-06 1.009e-10 8.1613e-18 1.1786e-27
