$P_{O_2}$ $\mu_e$ e h $V_{O}^{\times}$ $V_{O}^{\bullet}$ $V_{O}^{\bullet\bullet}$ $O_{i}^{\times}$ $O_{i}^{'}$ $O_{i}^{''}$ $Sn_{i}^{\times}$ $Sn_{i}^{\bullet}$ $Sn_{i}^{\bullet\bullet}$ $Sn_{i}^{\bullet\bullet\bullet}$ $Sn_{i}^{\bullet\bullet\bullet\bullet}$ $V_{Sn}^{\times}$ $V_{Sn}^{'}$ $V_{Sn}^{''}$ $V_{Sn}^{'''}$ $V_{Sn}^{''''}$ $H_{i}^{'}$ $H_{i}^{\times}$ $H_{i}^{\bullet}$ $H_{O}^{\times}$ $H_{O}^{\bullet}$ $H_{O}^{\bullet\bullet}$ $H_{O}^{\bullet\bullet\bullet}$ $H_{Sn}^{\times}$ $H_{Sn}^{'}$ $H_{Sn}^{''}$ $H_{Sn}^{'''}$ $H_{Sn}^{''''}$
1 1.4155 3.1669e-15 8.4137e-11 1.7113e-24 2.1623e-25 9.1108e-28 2.5429e-23 3.1927e-27 9.3817e-30 1.895e-77 5.8385e-66 8.9447e-54 7.0114e-44 1.7362e-40 4.7429e-46 1.9332e-33 4.6634e-23 2.9935e-15 2.1031e-11 1.8812e-34 2.498e-22 1.0277e-16 1.5331e-33 6.6059e-28 3.6723e-39 7.7192e-53 3.5001e-50 2.8264e-38 8.6042e-29 3.2193e-22 1.582e-29
0.27544 1.4355 4.0985e-15 6.5012e-11 3.2607e-24 3.1836e-25 1.0365e-27 1.3345e-23 2.1685e-27 8.2468e-30 6.88e-77 1.6379e-65 1.9389e-53 1.1743e-43 2.247e-40 1.3064e-46 6.8912e-34 2.1514e-23 1.7873e-15 1.6251e-11 2.4346e-34 2.498e-22 7.9407e-17 2.9211e-33 9.7257e-28 4.1777e-39 6.7854e-53 9.6406e-51 1.0075e-38 3.9694e-29 1.9221e-22 1.2224e-29
0.075866 1.4555 5.3042e-15 5.0234e-11 6.213e-24 4.6871e-25 1.1791e-27 7.004e-24 1.4729e-27 7.2491e-30 2.4978e-76 4.5947e-65 4.2028e-53 1.9669e-43 2.9081e-40 3.5983e-47 2.4565e-34 9.925e-24 1.0671e-15 1.2556e-11 3.1508e-34 2.498e-22 6.1357e-17 5.5659e-33 1.4319e-27 4.7527e-39 5.9646e-53 2.6554e-51 3.5915e-39 1.8312e-29 1.1476e-22 9.4451e-30
0.020896 1.4755 6.8645e-15 3.8816e-11 1.1838e-23 6.9009e-25 1.3414e-27 3.6758e-24 1.0004e-27 6.372e-30 9.0686e-76 1.289e-64 9.1103e-53 3.2945e-43 3.7638e-40 9.911e-48 8.7565e-35 4.5786e-24 6.3707e-16 9.7018e-12 4.0777e-34 2.498e-22 4.741e-17 1.0605e-32 2.1082e-27 5.4069e-39 5.2432e-53 7.314e-52 1.2802e-39 8.4478e-30 6.8512e-23 7.2978e-30
0.0057557 1.4955 8.8838e-15 2.9993e-11 2.2557e-23 1.016e-24 1.5261e-27 1.9292e-24 6.7948e-28 5.6009e-30 3.2924e-75 3.6161e-64 1.9749e-52 5.5184e-43 4.8714e-40 2.7299e-48 3.1213e-35 2.1122e-24 3.8034e-16 7.4958e-12 5.2772e-34 2.498e-22 3.6634e-17 2.0207e-32 3.104e-27 6.1512e-39 4.6093e-53 2.0145e-52 4.5635e-40 3.8971e-30 4.0903e-23 5.6385e-30
0.0015853 1.5155 1.1497e-14 2.3176e-11 4.298e-23 1.4959e-24 1.7362e-27 1.0125e-24 4.6149e-28 4.923e-30 1.1953e-74 1.0145e-63 4.2811e-52 9.2438e-43 6.3055e-40 7.5191e-49 1.1126e-35 9.7434e-25 2.2705e-16 5.7911e-12 6.8294e-34 2.498e-22 2.8308e-17 3.8503e-32 4.5701e-27 6.9983e-39 4.0521e-53 5.5488e-53 1.6267e-40 1.7977e-30 2.4418e-23 4.3561e-30
0.00043666 1.5355 1.4878e-14 1.7909e-11 8.1894e-23 2.2026e-24 1.9754e-27 5.3137e-25 3.1343e-28 4.3269e-30 4.3398e-74 2.846e-63 9.2811e-52 1.5486e-42 8.1626e-40 2.0711e-49 3.9658e-36 4.4944e-25 1.3554e-16 4.4735e-12 8.8379e-34 2.498e-22 2.1875e-17 7.3365e-32 6.7289e-27 7.9624e-39 3.5626e-53 1.5284e-53 5.7982e-41 8.2923e-31 1.4576e-23 3.365e-30
0.00012027 1.5555 1.9253e-14 1.384e-11 1.5604e-22 3.2432e-24 2.2478e-27 2.7887e-25 2.1286e-28 3.8026e-30 1.5756e-73 7.9849e-63 2.0122e-51 2.5946e-42 1.0569e-39 5.7045e-50 1.4135e-36 2.0729e-25 8.0895e-17 3.4551e-12 1.1437e-33 2.498e-22 1.6904e-17 1.3979e-31 9.908e-27 9.0603e-39 3.1327e-53 4.2097e-54 2.0666e-41 3.8247e-31 8.6996e-24 2.599e-30
3.3128e-05 1.5755 2.4912e-14 1.0696e-11 2.9732e-22 4.7759e-24 2.5581e-27 1.4636e-25 1.4455e-28 3.3413e-30 5.7203e-73 2.2404e-62 4.3634e-51 4.3481e-42 1.3688e-39 1.5712e-50 5.0378e-37 9.5596e-26 4.8271e-17 2.6677e-12 1.4798e-33 2.498e-22 1.3064e-17 2.6636e-31 1.459e-26 1.0311e-38 2.7553e-53 1.1595e-54 7.3655e-42 1.7638e-31 5.1912e-24 2.0067e-30
9.1247e-06 1.5955 3.223e-14 8.2672e-12 5.6652e-22 7.0337e-24 2.912e-27 7.6812e-26 9.8152e-29 2.9353e-30 2.0768e-72 6.2871e-62 9.4643e-51 7.2895e-42 1.7737e-39 4.3278e-51 1.7953e-37 4.4074e-26 2.8793e-17 2.0587e-12 1.9146e-33 2.498e-22 1.0098e-17 5.0752e-31 2.1488e-26 1.1737e-38 2.4242e-53 3.1937e-55 2.6247e-42 8.1319e-32 3.0965e-24 1.5486e-30
2.5133e-06 1.6154 4.169e-14 6.3914e-12 1.0795e-21 1.0361e-23 3.3162e-27 4.0313e-26 6.6631e-29 2.5775e-30 7.54e-72 1.7647e-61 2.0537e-50 1.2229e-41 2.3003e-39 1.192e-51 6.3961e-38 2.0311e-26 1.7164e-17 1.5874e-12 2.4765e-33 2.498e-22 7.8065e-18 9.6703e-31 3.1653e-26 1.3367e-38 2.1343e-53 8.7968e-56 9.3514e-43 3.7475e-32 1.8458e-24 1.1941e-30
6.9226e-07 1.6353 5.3906e-14 4.9429e-12 2.0568e-21 1.5268e-23 3.7793e-27 2.1157e-26 4.5217e-29 2.2617e-30 2.7374e-71 4.9548e-61 4.4595e-50 2.0536e-41 2.9876e-39 3.2833e-52 2.278e-38 9.3538e-27 1.022e-17 1.2222e-12 3.2022e-33 2.498e-22 6.0374e-18 1.8426e-30 4.6643e-26 1.5233e-38 1.8811e-53 2.423e-56 3.3305e-43 1.7258e-32 1.0991e-24 9.1939e-31
1.9067e-07 1.6552 6.9661e-14 3.825e-12 3.919e-21 2.2512e-23 4.3122e-27 1.1104e-26 3.0667e-29 1.9822e-30 9.9385e-71 1.392e-60 9.6952e-50 3.4549e-41 3.8895e-39 9.0435e-53 8.1083e-39 4.3024e-27 6.075e-18 9.3883e-13 4.1381e-33 2.498e-22 4.6719e-18 3.5109e-30 6.8774e-26 1.7381e-38 1.6609e-53 6.6738e-57 1.1855e-43 7.9382e-33 6.5332e-25 7.062e-31
5.2519e-08 1.675 8.993e-14 2.9629e-12 7.4674e-21 3.3227e-23 4.9301e-27 5.8275e-27 2.0777e-29 1.7337e-30 3.6082e-70 3.9148e-60 2.112e-49 5.83e-41 5.084e-39 2.4909e-53 2.8832e-39 1.975e-27 3.6001e-18 7.1824e-13 5.3421e-33 2.498e-22 3.6189e-18 6.6896e-30 1.0151e-25 1.9872e-38 1.4709e-53 1.8382e-57 4.2153e-44 3.644e-33 3.8716e-25 5.4027e-31
1.4466e-08 1.6947 1.159e-13 2.299e-12 1.4228e-20 4.9124e-23 5.6557e-27 3.0584e-27 1.4053e-29 1.5113e-30 1.31e-69 1.1028e-59 4.6166e-49 9.888e-41 6.6906e-39 6.861e-54 1.0235e-39 9.0354e-28 2.1226e-18 5.4577e-13 6.8848e-33 2.498e-22 2.808e-18 1.2746e-29 1.5007e-25 2.2796e-38 1.3093e-53 5.0632e-58 1.4963e-44 1.6671e-33 2.2827e-25 4.1054e-31
3.9844e-09 1.7142 1.4894e-13 1.789e-12 2.7111e-20 7.2836e-23 6.5252e-27 1.6051e-27 9.4783e-30 1.3099e-30 4.7561e-69 3.1156e-59 1.0149e-48 1.6915e-40 8.9061e-39 1.8898e-54 3.6227e-40 4.1101e-28 1.2408e-18 4.1e-13 8.8477e-33 2.498e-22 2.1851e-18 2.4287e-29 2.2251e-25 2.6301e-38 1.1755e-53 1.3946e-58 5.2965e-45 7.5833e-34 1.3344e-25 3.0841e-31
1.0975e-09 1.7332 1.9048e-13 1.3988e-12 5.1657e-20 1.0852e-22 7.6019e-27 8.424e-28 6.3617e-30 1.1244e-30 1.7267e-68 8.8448e-59 2.2529e-48 2.936e-40 1.2088e-38 5.2052e-55 1.2761e-40 1.8516e-28 7.1488e-19 3.0209e-13 1.1315e-32 2.498e-22 1.7086e-18 4.6277e-29 3.3152e-25 3.0641e-38 1.0708e-53 3.8412e-59 1.8657e-45 3.4162e-34 7.688e-26 2.2724e-31
3.0228e-10 1.7517 2.4159e-13 1.1029e-12 9.8428e-20 1.6303e-22 9.0041e-27 4.4211e-28 4.2347e-30 9.4928e-31 6.269e-68 2.5318e-58 5.0844e-48 5.2243e-40 1.6958e-38 1.4337e-55 4.4581e-41 8.204e-29 4.0175e-19 2.1533e-13 1.4351e-32 2.498e-22 1.3471e-18 8.8176e-29 4.9804e-25 3.6293e-38 1e-53 1.058e-59 6.5179e-46 1.5137e-34 4.3205e-26 1.6197e-31
8.3261e-11 1.769 3.0209e-13 8.8203e-13 1.8755e-19 2.4842e-22 1.0973e-26 2.3203e-28 2.779e-30 7.7895e-31 2.276e-67 7.3511e-58 1.1806e-47 9.7017e-40 2.5186e-38 3.949e-56 1.5354e-41 3.5331e-29 2.1634e-19 1.4499e-13 1.7945e-32 2.498e-22 1.0773e-18 1.6801e-28 7.5894e-25 4.4229e-38 9.7463e-54 2.9142e-60 2.2448e-46 6.5187e-35 2.3266e-26 1.0906e-31
2.2933e-11 1.7844 3.6863e-13 7.2282e-13 3.5735e-19 3.8791e-22 1.4041e-26 1.2177e-28 1.7797e-30 6.0874e-31 8.2632e-67 2.1871e-57 2.8786e-47 1.9385e-39 4.1239e-38 1.0877e-56 5.1606e-42 1.4491e-29 1.0827e-19 8.8546e-14 2.1898e-32 2.498e-22 8.8286e-19 3.2013e-28 1.1851e-24 5.6596e-38 1.022e-53 8.0268e-61 7.545e-47 2.6736e-35 1.1644e-26 6.6606e-32
6.3167e-12 1.7968 4.3219e-13 6.1652e-13 6.809e-19 6.3042e-22 1.9464e-26 6.391e-29 1.0951e-30 4.3915e-31 3e-66 6.7728e-57 7.6031e-47 4.367e-39 7.9241e-38 2.9959e-57 1.6665e-42 5.4863e-30 4.8062e-20 4.6082e-14 2.5673e-32 2.498e-22 7.5303e-19 6.0998e-28 1.9259e-24 7.8453e-38 1.2084e-53 2.2109e-61 2.4365e-47 1.0123e-35 5.1687e-27 3.4663e-32
1.7399e-12 1.8048 4.7924e-13 5.5599e-13 1.2974e-18 1.0833e-21 3.0162e-26 3.3541e-29 6.3729e-31 2.8338e-31 1.0892e-65 2.2175e-56 2.245e-46 1.1629e-38 1.9029e-37 8.252e-58 5.0899e-43 1.858e-30 1.8049e-20 1.9189e-14 2.8468e-32 2.498e-22 6.791e-19 1.1623e-27 3.3094e-24 1.2158e-37 1.6887e-53 6.0897e-62 7.4416e-48 3.4282e-36 1.941e-27 1.4434e-32
4.7922e-13 1.8086 5.0348e-13 5.2923e-13 2.472e-18 1.9647e-21 5.2071e-26 1.7603e-29 3.5138e-31 1.6415e-31 3.9544e-65 7.6633e-56 7.3848e-46 3.6411e-38 5.6714e-37 2.2729e-58 1.4729e-43 5.6485e-31 5.7644e-21 6.4385e-15 2.9908e-32 2.498e-22 6.4641e-19 2.2146e-27 6.0023e-24 2.0988e-37 2.775e-53 1.6773e-62 2.1534e-48 1.0422e-36 6.1992e-28 4.8431e-33
1.32e-13 1.81 5.124e-13 5.2001e-13 4.7103e-18 3.6784e-21 9.579e-26 9.2385e-30 1.8768e-31 8.9231e-32 1.4357e-64 2.7338e-55 2.5885e-45 1.254e-37 1.9193e-36 6.2605e-59 4.1287e-44 1.6115e-31 1.6737e-21 1.9025e-15 3.0438e-32 2.498e-22 6.3515e-19 4.2197e-27 1.1238e-23 3.861e-37 5.016e-53 4.62e-63 6.0364e-49 2.9732e-37 1.7999e-28 1.4311e-33
3.6357e-14 1.8104 5.1512e-13 5.1726e-13 8.975e-18 6.9719e-21 1.806e-25 4.8486e-30 9.9022e-32 4.7329e-32 5.2123e-64 9.8727e-55 9.2987e-45 4.4811e-37 6.822e-36 1.7244e-59 1.1433e-44 4.4859e-32 4.6838e-22 5.3526e-16 3.06e-32 2.498e-22 6.3179e-19 8.0402e-27 2.1299e-23 7.2793e-37 9.4069e-53 1.2725e-63 1.6715e-49 8.2766e-38 5.0371e-29 4.0263e-34
1.0014e-14 1.8105 5.159e-13 5.1649e-13 1.7101e-17 1.3264e-20 3.4308e-25 2.5446e-30 5.2047e-32 2.4914e-32 1.8924e-63 3.579e-54 3.3659e-44 1.6196e-36 2.462e-35 4.7496e-60 3.1537e-45 1.2393e-32 1.2959e-22 1.4832e-16 3.0646e-32 2.498e-22 6.3085e-19 1.532e-26 4.0522e-23 1.3829e-36 1.7844e-52 3.505e-64 4.6108e-50 2.2865e-38 1.3937e-29 1.1157e-34
2.7583e-15 1.8105 5.1611e-13 5.1627e-13 3.2584e-17 2.5263e-20 6.5316e-25 1.3355e-30 2.7327e-32 1.3086e-32 6.8703e-63 1.2988e-53 1.221e-43 5.8727e-36 8.9236e-35 1.3082e-60 8.6901e-46 3.4163e-33 3.5739e-23 4.092e-17 3.0658e-32 2.498e-22 6.3058e-19 2.9191e-26 7.718e-23 2.6327e-36 3.3957e-52 9.6542e-65 1.2705e-50 6.3033e-39 3.8435e-30 3.0781e-35
7.5973e-16 1.8106 5.1617e-13 5.1621e-13 6.2086e-17 4.8132e-20 1.2443e-24 7.0089e-31 1.4343e-32 6.8696e-33 2.4943e-62 4.715e-53 4.4319e-43 2.1314e-35 3.2383e-34 3.6033e-61 2.3939e-46 9.412e-34 9.8473e-24 1.1276e-17 3.0662e-32 2.498e-22 6.3051e-19 5.562e-26 1.4704e-22 5.0152e-36 6.4679e-52 2.6591e-65 3.4999e-51 1.7366e-39 1.059e-30 8.4821e-36
2.0926e-16 1.8106 5.1619e-13 5.162e-13 1.183e-16 9.1707e-20 2.3707e-24 3.6784e-31 7.5279e-33 3.6055e-33 9.0559e-62 1.7118e-52 1.6089e-42 7.7375e-35 1.1755e-33 9.925e-62 6.5938e-47 2.5926e-34 2.7126e-24 3.1063e-18 3.0663e-32 2.498e-22 6.3049e-19 1.0598e-25 2.8017e-22 9.5554e-36 1.2323e-51 7.3243e-66 9.6404e-52 4.7835e-40 2.9172e-31 2.3366e-36
5.7638e-17 1.8106 5.1619e-13 5.1619e-13 2.2541e-16 1.7474e-19 4.517e-24 1.9305e-31 3.9509e-33 1.8923e-33 3.2878e-61 6.2146e-52 5.8412e-42 2.8091e-34 4.2677e-33 2.7337e-62 1.8162e-47 7.1411e-35 7.4717e-25 8.5562e-19 3.0663e-32 2.498e-22 6.3049e-19 2.0193e-25 5.3382e-22 1.8207e-35 2.3479e-51 2.0174e-66 2.6553e-52 1.3176e-40 8.0353e-32 6.4361e-37
1.5876e-17 1.8106 5.1619e-13 5.1619e-13 4.295e-16 3.3295e-19 8.6066e-24 1.0132e-31 2.0735e-33 9.9312e-34 1.1937e-60 2.2562e-51 2.1207e-41 1.0199e-33 1.5494e-32 7.5297e-63 5.0025e-48 1.967e-35 2.058e-25 2.3567e-19 3.0663e-32 2.498e-22 6.3049e-19 3.8476e-25 1.0171e-21 3.4691e-35 4.4738e-51 5.5567e-67 7.3139e-53 3.6291e-41 2.2132e-32 1.7728e-37
4.3728e-18 1.8106 5.1619e-13 5.1619e-13 8.1836e-16 6.344e-19 1.6399e-23 5.3174e-32 1.0882e-33 5.2121e-34 4.3337e-60 8.1915e-51 7.6993e-41 3.7026e-33 5.6252e-32 2.074e-63 1.3779e-48 5.4178e-36 5.6686e-26 6.4914e-20 3.0663e-32 2.498e-22 6.3048e-19 7.3313e-25 1.9381e-21 6.61e-35 8.5243e-51 1.5305e-67 2.0145e-53 9.996e-42 6.0961e-33 4.8829e-38
1.2044e-18 1.8106 5.1619e-13 5.1619e-13 1.5593e-15 1.2088e-18 3.1247e-23 2.7907e-32 5.7112e-34 2.7354e-34 1.5734e-59 2.974e-50 2.7953e-40 1.3443e-32 2.0423e-31 5.7125e-64 3.7952e-49 1.4923e-36 1.5613e-26 1.788e-20 3.0663e-32 2.498e-22 6.3048e-19 1.3969e-24 3.6928e-21 1.2595e-34 1.6242e-50 4.2156e-68 5.5488e-54 2.7533e-42 1.6791e-33 1.3449e-38
3.3175e-19 1.8106 5.1619e-13 5.1619e-13 2.9711e-15 2.3032e-18 5.9538e-23 1.4646e-32 2.9974e-34 1.4356e-34 5.7123e-59 1.0797e-49 1.0148e-39 4.8804e-32 7.4146e-31 1.5734e-64 1.0454e-49 4.1103e-37 4.3006e-27 4.9248e-21 3.0663e-32 2.498e-22 6.3048e-19 2.6617e-24 7.0363e-21 2.3998e-34 3.0948e-50 1.1611e-68 1.5283e-54 7.5836e-43 4.6249e-34 3.7045e-39
9.1376e-20 1.8106 5.1619e-13 5.1619e-13 5.6612e-15 4.3886e-18 1.1344e-22 7.6866e-33 1.5731e-34 7.5345e-35 2.0739e-58 3.92e-49 3.6845e-39 1.7719e-31 2.6919e-30 4.3339e-65 2.8793e-50 1.1321e-37 1.1845e-27 1.3565e-21 3.0663e-32 2.498e-22 6.3048e-19 5.0716e-24 1.3407e-20 4.5726e-34 5.8968e-50 3.1982e-69 4.2097e-55 2.0888e-43 1.2739e-34 1.0204e-39
2.5168e-20 1.8106 5.162e-13 5.1619e-13 1.0787e-14 8.362e-18 2.1615e-22 4.0341e-33 8.256e-35 3.9543e-35 7.5294e-58 1.4232e-48 1.3377e-38 6.4328e-31 9.773e-30 1.1937e-65 7.9308e-51 3.1183e-38 3.2627e-28 3.7363e-22 3.0663e-32 2.498e-22 6.3048e-19 9.6634e-24 2.5546e-20 8.7126e-34 1.1236e-49 8.8092e-70 1.1595e-55 5.7535e-44 3.5088e-35 2.8105e-40
6.9323e-21 1.8106 5.162e-13 5.1618e-13 2.0553e-14 1.5933e-17 4.1186e-22 2.1172e-33 4.333e-35 2.0753e-35 2.7336e-57 5.1669e-48 4.8564e-38 2.3354e-30 3.5481e-29 3.2879e-66 2.1845e-51 8.5892e-39 8.987e-29 1.0292e-22 3.0664e-32 2.498e-22 6.3048e-19 1.8413e-23 4.8675e-20 1.6601e-33 2.1408e-49 2.4264e-70 3.1938e-56 1.5848e-44 9.6649e-36 7.7415e-41
1.9094e-21 1.8106 5.1621e-13 5.1618e-13 3.9163e-14 3.0358e-17 7.8473e-22 1.1112e-33 2.2741e-35 1.0892e-35 9.9245e-57 1.8759e-47 1.7631e-37 8.4786e-30 1.2881e-28 9.0563e-67 6.0169e-52 2.3659e-39 2.4755e-29 2.8349e-23 3.0664e-32 2.498e-22 6.3047e-19 3.5084e-23 9.2744e-20 3.163e-33 4.0789e-49 6.6832e-71 8.7969e-57 4.3651e-45 2.6622e-36 2.1324e-41
5.2593e-22 1.8106 5.1622e-13 5.1616e-13 7.4621e-14 5.7843e-17 1.4952e-21 5.8316e-34 1.1935e-35 5.7168e-36 3.6032e-56 6.8103e-47 6.4007e-37 3.078e-29 4.676e-28 2.4944e-67 1.6573e-52 6.5169e-40 6.8189e-30 7.8092e-24 3.0665e-32 2.498e-22 6.3045e-19 6.6849e-23 1.7671e-19 6.0266e-33 7.7714e-49 1.8408e-71 2.4231e-57 1.2024e-45 7.3333e-37 5.8742e-42
1.4486e-22 1.8106 5.1625e-13 5.1614e-13 1.4218e-13 1.1021e-16 2.8486e-21 3.0605e-34 6.2641e-36 3.0006e-36 1.3082e-55 2.4724e-46 2.3236e-36 1.1173e-28 1.6973e-27 6.8706e-68 4.5652e-53 1.7952e-40 1.8785e-30 2.1514e-24 3.0666e-32 2.498e-22 6.3042e-19 1.2737e-22 3.3669e-19 1.1482e-32 1.4805e-48 5.0703e-72 6.6744e-58 3.3122e-46 2.0202e-37 1.6183e-42
3.99e-23 1.8106 5.163e-13 5.1609e-13 2.7092e-13 2.0997e-16 5.4267e-21 1.6062e-34 3.2879e-36 1.5751e-36 4.7494e-55 8.9754e-46 8.4344e-36 4.0553e-28 6.1598e-27 1.8924e-68 1.2575e-53 4.9456e-41 5.1756e-31 5.928e-25 3.0669e-32 2.498e-22 6.3036e-19 2.427e-22 6.4147e-19 2.1873e-32 2.8202e-48 1.3966e-72 1.8386e-58 9.1248e-47 5.5659e-38 4.4591e-43
1.099e-23 1.8106 5.1639e-13 5.1599e-13 5.1621e-13 4.0001e-16 1.0336e-20 8.4299e-35 1.7259e-36 8.2694e-37 1.7243e-54 3.258e-45 3.061e-35 1.4715e-27 2.2347e-26 5.2125e-69 3.4644e-54 1.3627e-41 1.4263e-31 1.634e-25 3.0675e-32 2.498e-22 6.3024e-19 4.6244e-22 1.222e-18 4.1662e-32 5.3707e-48 3.8466e-73 5.0651e-59 2.5142e-47 1.5339e-38 1.2291e-43
3.0271e-24 1.8106 5.1657e-13 5.1581e-13 9.8359e-13 7.6192e-16 1.9681e-20 4.4242e-35 9.0609e-37 4.343e-37 6.2602e-54 1.1824e-44 1.1106e-34 5.3368e-27 8.1019e-26 1.4357e-69 9.5456e-55 3.756e-42 3.9328e-32 4.507e-26 3.0686e-32 2.498e-22 6.3002e-19 8.8114e-22 2.3276e-18 7.9328e-32 1.0223e-47 1.0595e-73 1.3956e-59 6.9301e-48 4.2295e-39 3.3902e-44
8.3378e-25 1.8107 5.1692e-13 5.1546e-13 1.8741e-12 1.4508e-15 3.745e-20 2.3219e-35 4.7586e-37 2.2824e-37 2.2728e-53 4.29e-44 4.0265e-34 1.9337e-26 2.9336e-25 3.9545e-70 2.631e-55 1.0359e-42 1.0854e-32 1.2447e-26 3.0706e-32 2.498e-22 6.296e-19 1.6789e-21 4.4321e-18 1.5095e-31 1.9439e-47 2.9183e-74 3.8466e-60 1.9114e-48 1.1673e-39 9.3631e-45
2.2966e-25 1.8108 5.1758e-13 5.1481e-13 3.571e-12 2.7608e-15 7.1176e-20 1.2186e-35 2.5006e-37 1.2009e-37 8.2516e-53 1.5555e-43 1.4582e-33 6.9936e-26 1.0597e-24 1.0892e-70 7.256e-56 2.8607e-43 3.0011e-33 3.446e-27 3.0746e-32 2.498e-22 6.288e-19 3.1991e-21 8.4343e-18 2.8689e-31 3.6898e-47 8.0381e-75 1.0609e-60 5.2781e-49 3.2275e-40 2.5921e-45
6.3256e-26 1.811 5.1883e-13 5.1357e-13 6.8042e-12 5.2478e-15 1.3496e-19 6.3955e-36 1.3155e-37 6.3331e-38 2.9958e-52 5.6339e-43 5.2684e-33 2.5207e-25 3.8101e-24 3.0002e-71 2.0034e-56 7.9175e-44 8.3264e-34 9.5838e-28 3.082e-32 2.498e-22 6.2728e-19 6.0955e-21 1.6032e-17 5.4401e-31 6.9798e-47 2.214e-75 2.9291e-61 1.4608e-49 8.9544e-41 7.209e-46
1.7423e-26 1.8113 5.2121e-13 5.1122e-13 1.2965e-11 9.9536e-15 2.5482e-19 3.3565e-36 6.9359e-38 3.3543e-38 1.0877e-51 2.0361e-42 1.8953e-32 9.027e-25 1.3582e-23 8.2636e-72 5.5435e-57 2.2008e-44 2.3251e-34 2.6885e-28 3.0961e-32 2.498e-22 6.2442e-19 1.1614e-20 3.0408e-17 1.0271e-30 1.3118e-46 6.0982e-76 8.1047e-62 4.0606e-50 2.5005e-41 2.0223e-46
4.799e-27 1.812 5.2571e-13 5.0685e-13 2.4703e-11 1.8803e-14 4.7726e-19 1.7616e-36 3.6715e-38 1.7909e-38 3.9488e-51 7.3289e-42 6.7638e-32 3.1939e-24 4.7645e-23 2.2761e-72 1.5401e-57 6.1671e-45 6.5715e-35 7.6641e-29 3.1229e-32 2.498e-22 6.1907e-19 2.213e-20 5.7444e-17 1.9237e-30 2.4359e-46 1.6797e-76 2.2516e-62 1.1379e-50 7.0672e-42 5.7651e-47
1.3218e-27 1.8132 5.3418e-13 4.9881e-13 4.7069e-11 3.526e-14 8.8077e-19 9.245e-37 1.9579e-38 9.7045e-39 1.4336e-50 2.6186e-41 2.3784e-31 1.1053e-23 1.6226e-22 6.2693e-73 4.3103e-58 1.7538e-45 1.899e-35 2.2504e-29 3.1732e-32 2.498e-22 6.0925e-19 4.2167e-20 1.0772e-16 3.5501e-30 4.4241e-46 4.6265e-77 6.3018e-63 3.2359e-51 2.0422e-42 1.6928e-47
3.6408e-28 1.8155 5.4996e-13 4.845e-13 8.9686e-11 6.5257e-14 1.5833e-18 4.852e-37 1.0579e-38 5.3985e-39 5.2049e-50 9.2343e-41 8.1465e-31 3.6772e-23 5.2436e-22 1.7268e-73 1.2223e-58 5.1203e-46 5.7078e-36 6.9638e-30 3.2669e-32 2.498e-22 5.9177e-19 8.0345e-20 1.9936e-16 6.3819e-30 7.7247e-46 1.2743e-77 1.787e-63 9.4472e-52 6.1383e-43 5.2383e-48
1.0028e-28 1.8194 5.7883e-13 4.6033e-13 1.7089e-10 1.1814e-13 2.7234e-18 2.5464e-37 5.8438e-39 3.1386e-39 1.8897e-49 3.1853e-40 2.6699e-30 1.145e-22 1.5513e-21 4.7563e-74 3.5434e-59 1.5623e-46 1.833e-36 2.3538e-30 3.4384e-32 2.498e-22 5.6225e-19 1.5309e-19 3.6091e-16 1.0977e-29 1.2624e-45 3.51e-78 5.1806e-64 2.8825e-52 1.9713e-43 1.7706e-48
2.7621e-29 1.826 6.302e-13 4.2281e-13 3.2561e-10 2.0675e-13 4.3776e-18 1.3364e-37 3.3391e-39 1.9525e-39 6.8607e-49 1.0622e-39 8.1776e-30 3.2212e-22 4.0085e-21 1.3101e-74 1.0626e-59 5.1009e-47 6.5158e-37 9.1095e-31 3.7436e-32 2.498e-22 5.1642e-19 2.917e-19 6.3163e-16 1.7645e-29 1.8639e-45 9.6678e-79 1.5536e-64 9.4113e-53 7.0072e-44 6.8523e-49
7.608e-30 1.8361 7.1798e-13 3.7112e-13 6.2043e-10 3.4579e-13 6.4264e-18 7.0139e-38 1.9965e-39 1.3301e-39 2.4908e-48 3.3849e-39 2.2874e-29 7.9087e-22 8.6385e-21 3.6084e-75 3.3345e-60 1.8236e-47 2.6539e-37 4.2271e-31 4.265e-32 2.498e-22 4.5329e-19 5.5581e-19 1.0564e-15 2.5903e-29 2.4016e-45 2.6629e-79 4.8751e-65 3.3646e-53 2.854e-44 3.1797e-49
2.0955e-30 1.8502 8.6079e-13 3.0955e-13 1.1822e-09 5.4955e-13 8.5188e-18 3.681e-38 1.2562e-39 1.0034e-39 9.0431e-48 1.025e-38 5.7775e-29 1.6661e-21 1.5179e-20 9.9389e-76 1.1011e-60 7.2199e-48 1.2597e-37 2.4056e-31 5.1133e-32 2.498e-22 3.7808e-19 1.059e-18 1.6789e-15 3.4337e-29 2.6554e-45 7.3346e-80 1.6099e-65 1.3321e-53 1.3547e-44 1.8095e-49
5.7719e-31 1.868 1.0819e-12 2.4628e-13 2.2525e-09 8.3309e-13 1.0275e-17 1.9319e-38 8.2868e-40 8.3191e-40 3.2832e-47 2.9608e-38 1.3277e-28 3.0464e-21 2.2081e-20 2.7376e-76 3.8121e-61 3.1417e-48 6.8897e-38 1.6537e-31 6.427e-32 2.498e-22 3.0081e-19 2.0179e-18 2.5451e-15 4.1414e-29 2.5481e-45 2.0202e-80 5.5734e-66 5.7965e-54 7.4094e-45 1.2439e-49
1.5898e-31 1.8885 1.4104e-12 1.8892e-13 4.2919e-09 1.2177e-12 1.1521e-17 1.0139e-38 5.6694e-40 7.4192e-40 1.192e-46 8.2461e-38 2.8367e-28 4.9929e-21 2.7762e-20 7.5403e-77 1.3688e-61 1.4705e-48 4.2037e-38 1.3153e-31 8.378e-32 2.498e-22 2.3075e-19 3.8449e-18 3.7201e-15 4.6437e-29 2.1918e-45 5.5645e-81 2.0012e-66 2.7131e-54 4.5208e-45 9.8938e-50
4.3789e-32 1.911 1.8839e-12 1.4144e-13 8.1779e-09 1.7371e-12 1.2304e-17 5.3212e-39 3.9743e-40 6.9469e-40 4.3276e-46 2.2414e-37 5.7725e-28 7.6066e-21 3.1665e-20 2.0769e-77 5.0357e-62 7.2261e-49 2.7593e-38 1.1532e-31 1.1191e-31 2.498e-22 1.7276e-19 7.3261e-18 5.3068e-15 4.9594e-29 1.7524e-45 1.5327e-81 7.3624e-67 1.3332e-54 2.9674e-45 8.6743e-50
1.2061e-32 1.9346 2.5536e-12 1.0434e-13 1.5582e-08 2.4418e-12 1.2759e-17 2.7927e-39 2.8273e-40 6.6991e-40 1.5712e-45 6.0032e-37 1.1406e-27 1.1088e-20 3.4052e-20 5.7206e-78 1.8801e-62 3.6571e-49 1.8929e-38 1.0723e-31 1.5169e-31 2.498e-22 1.2745e-19 1.3959e-17 7.4596e-15 5.1429e-29 1.3407e-45 4.2216e-82 2.7488e-67 6.7475e-55 2.0357e-45 8.0663e-50
3.3221e-33 1.9588 3.4905e-12 7.6337e-14 2.969e-08 3.4037e-12 1.3012e-17 1.4656e-39 2.0283e-40 6.569e-40 5.7042e-45 1.5945e-36 2.2163e-27 1.5762e-20 3.5414e-20 1.5757e-78 7.0786e-63 1.8821e-49 1.3316e-38 1.0311e-31 2.0735e-31 2.498e-22 9.3239e-20 2.6598e-17 1.0398e-14 5.2447e-29 1.0002e-45 1.1628e-82 1.0349e-67 3.4725e-55 1.432e-45 7.7561e-50
9.1505e-34 1.9834 4.7931e-12 5.5592e-14 5.6572e-08 4.723e-12 1.3148e-17 7.6921e-40 1.4617e-40 6.5007e-40 2.071e-44 4.2158e-36 4.2674e-27 2.2102e-20 3.6162e-20 4.34e-79 2.6773e-63 9.7748e-50 9.4964e-39 1.0098e-31 2.8472e-31 2.498e-22 6.7901e-20 5.068e-17 1.4429e-14 5.2998e-29 7.3606e-46 3.2027e-83 3.9143e-68 1.8035e-55 1.0213e-45 7.5957e-50
2.5204e-34 2.0082 6.5979e-12 4.0385e-14 1.0779e-07 6.5375e-12 1.3221e-17 4.037e-40 1.056e-40 6.4649e-40 7.5188e-44 1.1119e-35 8.1762e-27 3.0762e-20 3.6564e-20 1.1954e-79 1.0151e-63 5.1017e-50 6.8228e-39 9.9867e-32 3.9193e-31 2.498e-22 4.9326e-20 9.6567e-17 1.9972e-14 5.3292e-29 5.3768e-46 8.8216e-84 1.4841e-68 9.4129e-56 7.3375e-46 7.5122e-50
6.9421e-35 2.0331 9.0943e-12 2.9299e-14 2.0539e-07 9.0373e-12 1.326e-17 2.1187e-40 7.6391e-41 6.4461e-40 2.7297e-43 2.9287e-35 1.5624e-26 4.2649e-20 3.6778e-20 3.2926e-80 3.8539e-64 2.6697e-50 4.9212e-39 9.9287e-32 5.4022e-31 2.498e-22 3.5786e-20 1.84e-16 2.7609e-14 5.3447e-29 3.9122e-46 2.4298e-84 5.6346e-69 4.9257e-56 5.2924e-46 7.4685e-50
1.9121e-35 2.058 1.2544e-11 2.1242e-14 3.9135e-07 1.2484e-11 1.328e-17 1.1119e-40 5.5299e-41 6.4362e-40 9.9106e-43 7.7088e-35 2.9817e-26 5.9007e-20 3.6891e-20 9.069e-81 1.4642e-64 1.399e-50 3.557e-39 9.8983e-32 7.4513e-31 2.498e-22 2.5945e-20 3.5059e-16 3.814e-14 5.3529e-29 2.8407e-46 6.6926e-85 2.1407e-69 2.5812e-56 3.8253e-46 7.4456e-50
